Using config file ./config/PhysiCell_settings.xml ... 
User parameters in XML config file: 
Bool parameters:: 

Int parameters:: 
random_seed: 0 [dimensionless]

Double parameters:: 
tumor_radius: 150 [micron]
oncoprotein_mean: 1 [dimensionless]
oncoprotein_sd: 0.25 [dimensionless]
oncoprotein_min: 0 [dimensionless]
oncoprotein_max: 2 [dimensionless]

String parameters:: 



Microenvironment summary: microenvironment: 

Mesh information: 
type: uniform Cartesian
Domain: [-240,240] micron x [-240,240] micron x [-240,240] micron
   resolution: dx = 20 micron
   voxels (per-process): 13824
   voxel faces: 0
   volume: 1.10592e+08 cubic micron
Densities: (1 total)
   oxygen:
     units: mmHg
     diffusion coefficient: 100000 micron^2 / min
     decay rate: 0.1 min^-1
     diffusion length scale: 1000 micron
     initial condition: 38 mmHg
     boundary condition: 38 mmHg (enabled: true)

creating 3963 closely-packed tumor cells ... 
1.2807
1.01771
0.644419
0.927152
0.956733
0.978082
1.28133
1.30515
1.10709
1.35359
1.50204
1.15122
1.39864
0.983772
1.14781
0.888942
0.77955
0.864771
0.9718
1.20382
0.743455
1.32317
0.598649
1.0277
1.02874
0.56626
1.57494
1.31568
1.26645
1.03602
1.00672
0.981704
0.988972
0.996914
1.48982
1.08263
1.00688
0.94399
1.24996
0.837272
0.692341
0.750404
1.4343
0.864409
0.855273
1.06925
1.08052
1.09718
1.07397
1.43191
0.794756
1.02168
1.10776
0.865554
0.876899
1.4511
0.794784
1.13104
1.18109
0.730055
0.415488
0.931162
1.30628
0.681628
1.11559
0.734505
0.70715
0.963796
0.805051
0.469372
0.895669
1.26524
1.03545
1.33864
0.837071
1.22244
1.0993
1.015
0.835706
1.08869
1.11794
0.85484
0.995266
1.19994
1.10972
1.50396
1.38346
0.38583
1.10504
1.0659
1.05702
1.24155
0.881919
1.36934
1.10692
1.05116
1.45723
1.11882
0.703266
1.12606
1.20462
0.799078
0.916897
0.894306
0.906043
1.17595
0.831025
0.887853
0.944979
0.777026
1.66581
1.12141
0.941088
0.994629
0.970649
0.995831
0.904923
1.09047
0.620493
0.803728
1.35796
1.28499
0.55611
0.598403
1.08032
1.00553
1.17315
1.20307
0.928113
1.17145
0.801653
1.14237
0.608736
1.38992
1.28592
1.3117
0.782456
0.721407
1.11431
1.08662
1.04952
0.205535
0.992181
0.696095
1.37378
0.699276
1.09829
0.505163
0.951167
1.05485
0.767564
1.41237
0.737014
1.1558
0.775027
1.24492
1.12177
0.978598
1.23274
0.822109
0.472688
1.30113
1.49025
0.793218
0.961744
1.0204
1.54594
0.875458
1.36208
0.957312
0.883048
1.22501
1.1301
0.638819
0.752433
1.15906
0.998072
1.31391
0.908271
0.978598
1.37181
1.17719
0.828154
1.15535
0.917265
0.984947
0.927149
1.18396
1.07256
0.918467
1.29674
1.00482
1.16303
1.32272
0.652728
1.28187
0.977151
1.25764
1.3958
1.45859
0.797633
0.887062
1.09807
1.08422
1.13675
1.01835
1.03488
1.18502
1.60025
1.15478
1.27575
0.571936
0.646441
0.892197
0.494549
0.697081
1.2151
0.844057
1.08421
0.815188
0.937225
1.06244
1.46282
0.946693
1.02078
0.956268
1.03842
0.764985
1.54539
1.19253
1.08987
0.722749
1.21853
1.45369
1.11435
0.895298
0.632425
1.18238
0.663147
0.672097
1.04863
1.42549
0.686692
0.79153
1.20734
1.18661
0.638746
0.565169
1.31652
0.908831
1.17642
0.702877
1.14035
0.916422
1.02681
1.14809
0.933722
1.20957
1.03124
1.05561
1.16712
0.632715
0.925869
0.504863
1.12994
0.276595
0.587283
0.986266
1.28975
1.06336
0.703098
1.12126
1.24488
0.487512
0.786039
0.975852
1.08242
1.24508
1.18926
0.642152
0.563456
1.01126
0.851075
1.30724
0.564613
0.967056
0.724892
0.819647
1.09325
0.684031
0.67473
0.730222
1.01676
0.652685
1.38074
1.33617
1.12951
1.01655
1.26188
0.926154
1.16807
0.784668
1.01381
0.669345
1.19768
1.07116
1.22077
1.04637
1.05585
1.18562
0.965302
0.859865
0.39449
1.05
1.24318
0.575466
1.05018
1.27569
1.22711
1.56313
0.695351
0.872355
0.968639
0.939846
0.605742
1.22976
0.943002
0.976711
0.830446
1.38939
0.889059
1.22229
1.04388
1.0085
1.32218
1.13471
1.22226
0.554083
0.759185
1.11803
1.00894
1.07665
1.1647
0.837937
1.63501
0.805108
1.32114
1.34316
1.31957
1.14892
0.773013
1.02313
0.66338
1.28102
0.971089
0.67515
0.975983
1.1721
0.912719
1.12822
1.15542
1.04609
0.808223
0.995545
0.94767
1.13726
1.15829
1.48385
1.36425
0.78575
0.659466
1.14816
0.798345
1.01213
0.905729
1.20278
1.00084
0.613822
1.16468
1.08152
0.648177
1.29695
0.97365
1.0657
1.29348
0.802499
1.12882
1.02566
0.486037
0.958607
1.01897
1.17326
0.758008
0.749633
0.581953
1.11516
0.894014
0.993605
1.22073
0.946289
1.02
0.685702
0.921504
0.922051
1.27228
0.953154
0.985507
1.17142
0.877383
1.05058
0.918244
0.911861
0.951101
0.678554
0.555894
0.976187
0.418013
0.699357
0.793432
0.459561
0.875832
1.43389
0.650669
0.775714
1.18336
1.65272
1.06682
0.933557
0.933271
1.09302
0.794536
0.987922
1.19042
1.17624
0.834264
1.07054
1.01765
0.920798
1.2023
1.09877
1.01756
0.73625
0.960529
1.37035
0.94831
0.837217
0.812976
0.948514
0.86091
1.32691
0.812394
0.607443
0.92407
0.828488
0.485186
0.897376
0.809327
1.24363
0.741849
0.658555
0.570731
1.14922
0.673052
0.698783
1.35637
1.09635
1.38623
1.22449
1.21994
1.03706
1.03998
1.17295
0.761953
1.29649
1.33823
1.35772
0.890299
0.813179
1.40631
0.910072
1.2669
0.695442
0.984476
0.416651
0.777565
0.811264
1.10636
0.904474
1.26244
1.32817
1.53
0.684684
0.683355
0.991244
1.06014
0.831609
1.04166
1.13772
0.680046
1.15749
1.05348
0.934086
1.10691
0.949752
0.622849
0.812951
1.03746
0.932056
0.957118
0.892886
0.59212
1.23414
0.972424
1.09223
1.01583
1.19099
0.95072
1.51677
0.587524
0.866984
1.185
1.39368
0.839853
0.912779
1.17351
0.796845
0.868718
1.00664
0.824162
0.951418
1.00159
0.961434
1.54873
1.52395
1.11605
0.83811
0.817828
0.875904
1.03365
1.05165
1.1681
1.08871
0.918417
1.15789
0.996705
0.980125
1.28408
1.47324
1.51897
1.06917
1.13575
1.31481
0.783089
0.670451
1.28549
1.00298
0.92341
1.21934
1.26857
0.833713
1.14086
1.09365
1.11239
1.22139
0.947887
1.05931
1.32428
0.713851
1.01784
1.18184
1.02446
0.557634
1.00411
0.925142
1.04921
1.25032
1.15515
1.295
0.728734
0.982535
0.879366
0.671458
0.924589
1.24981
1.10624
1.19908
1.21329
1.34539
1.11467
0.731258
1.08832
1.13583
1.14213
1.31242
0.842771
0.740598
1.10778
0.942375
0.738417
1.09471
1.18043
0.861806
1.2551
1.13808
1.15597
0.62803
1.55386
0.827211
0.788659
0.776952
0.718672
0.96222
1.1892
1.0105
0.921991
0.98304
0.996171
0.344485
1.04441
1.27701
0.431325
0.649149
1.2874
0.876779
0.836617
0.728556
0.803276
0.671347
0.776147
1.09842
0.644057
0.725245
1.09933
1.44348
0.844904
1.22944
0.830204
0.443145
0.837502
1.12574
1.139
1.3611
1.18376
1.03872
1.16308
1.24587
1.13559
1.01097
0.985728
1.33097
0.782306
1.14316
0.799883
1.3677
1.37879
0.782896
1.08206
1.03097
0.988854
1.38671
0.966726
0.741731
0.682197
1.19618
0.9814
0.846825
0.607771
0.807626
1.71906
1.06648
0.758481
0.905864
1.22214
0.764439
1.284
1.60022
0.729399
1.39293
0.932107
0.748168
0.809505
1.06507
1.02459
0.928517
1.15745
0.682427
1.00343
0.913726
0.665313
0.294229
1.01522
0.703878
0.650305
1.10975
1.20836
0.730829
0.740734
0.800884
1.36716
1.25585
1.17804
1.24254
1.24769
1.04087
1.24677
0.97594
0.820279
1.33285
1.07192
1.51572
1.17204
0.992005
0.650612
0.936854
1.15622
0.968304
1.29258
0.59077
1.53596
0.955078
1.03043
1.08776
1.05758
0.73886
1.16354
1.05454
1.03951
0.74834
1.40875
0.921206
1.3588
1.20032
0.994189
0.938184
0.523086
1.1701
1.15376
1.02158
0.970358
0.590752
0.922756
0.828982
1.14687
1.1424
0.884946
1.32971
1.26768
1.1344
0.920168
1.05206
1.49456
1.1115
1.24367
0.831233
0.985704
0.853971
1.09948
0.990497
0.742652
1.13483
0.820381
0.991316
1.29741
1.02708
1.02456
1.27407
1.25112
1.26576
1.34119
1.13974
1.26767
1.17834
0.686746
0.877621
0.941907
1.05261
1.68319
0.720973
0.751737
1.05977
1.14269
1.16031
0.929509
0.815468
0.551439
0.975378
1.13732
0.745507
0.941161
0.913532
0.735713
1.06168
0.880011
1.23215
0.747455
1.33806
0.788927
1.00296
1.33154
0.779073
1.13412
1.02351
1.2002
0.992097
0.975404
0.979608
0.902521
0.901679
0.864042
0.817708
1.18434
0.946253
0.446014
0.45398
1.34269
1.04739
1.4489
0.650977
0.975737
0.683688
1.27306
1.21993
1.13447
1.09687
1.32324
0.450991
0.903805
1.02726
1.54502
0.77472
1.05812
0.680694
0.950091
0.845436
1.0311
1.01486
0.726031
1.32447
0.683685
0.567345
1.49454
0.701665
0.984766
0.685818
0.814931
1.59379
1.048
1.21071
0.778511
0.757917
1.2733
1.18663
0.857315
0.633687
0.975077
0.903066
0.772427
1.13977
1.31078
0.74519
0.873999
1.11126
1.16595
1.44893
1.17295
0.97147
0.502731
1.42929
1.08188
0.980312
0.917794
0.532391
1.49061
0.702847
1.07472
0.95016
1.24136
0.805768
1.13474
1.25061
0.884331
1.53704
1.3905
1.03368
0.957447
1.23609
1.01179
1.36219
0.791749
1.03655
0.665428
1.17098
1.01487
0.513784
1.0639
0.944921
1.11785
1.42543
0.768843
0.839913
0.965635
0.855207
0.84406
0.802094
1.19273
1.10455
1.36831
0.609636
1.03292
0.972625
0.670402
1.06963
0.752316
1.14799
0.791837
1.12932
1.21902
0.50919
1.08463
1.12157
1.09253
0.513938
1.15108
0.954332
1.03183
1.17811
0.599844
0.714921
0.53645
0.929365
0.776509
1.22638
1.48644
0.759163
1.7047
0.584628
0.907716
1.11456
0.86148
0.947115
0.971753
0.955392
0.910805
1.05179
1.08256
0.819995
0.988648
0.861976
1.3238
0.812887
1.07962
1.18754
1.33532
1.32662
1.33189
1.08644
1.08925
0.890708
0.708497
1.02109
0.867315
0.738314
1.14521
1.39097
0.529716
0.800755
1.01519
0.961156
0.936799
1.03191
1.1979
1.17189
0.954597
0.857065
0.765995
1.19502
0.737134
1.03834
1.05864
1.09393
1.14577
0.758794
1.16414
0.840054
0.827179
1.33041
1.08877
1.54066
1.36001
1.29164
1.02239
1.10317
0.680044
1.22597
0.539146
0.684957
1.31678
1.23726
0.934309
1.03716
0.75363
0.534457
0.704574
0.640744
0.933686
0.597933
0.636186
0.979615
0.557462
1.22985
1.11473
0.583914
0.726772
0.888085
1.25726
0.907157
0.808873
1.18512
1.06915
1.0444
1.01697
0.622219
0.968043
0.521402
0.691328
0.479912
1.17176
0.852809
0.802631
1.04313
1.13726
0.848112
1.0333
1.06145
1.24971
1.18818
0.989925
1.19403
0.61361
0.724862
0.689173
1.22904
0.863967
1.12978
1.00073
0.963545
1.05026
1.06495
0.927378
0.372963
0.916837
1.29589
0.879214
1.06722
1.08222
0.569822
1.26507
1.10787
1.01791
0.725526
1.00374
1.03454
1.28327
0.923497
0.894434
1.25164
0.972044
1.02121
1.10703
0.756002
1.38755
0.724618
0.827948
1.10641
1.29612
0.749279
1.09754
1.02222
1.15794
0.91395
1.1459
1.2699
0.923101
1.35628
0.99233
1.26951
0.630691
1.08062
0.94087
1.27247
1.06929
0.977087
0.922527
1.44489
1.21753
0.670759
1.24782
1.13352
0.604616
1.08306
1.21715
1.18098
0.853951
1.29124
1.42572
1.64821
0.975335
0.923801
1.55618
0.807725
1.23841
0.973146
1.05947
1.00372
1.0741
0.826616
0.759196
0.878261
0.643506
1.05734
0.926651
0.660872
0.851656
0.646205
0.921122
1.07095
1.29348
0.839244
1.11665
1.17637
1.22793
1.371
1.47665
0.50451
1.29379
0.950971
0.58883
1.04855
0.741659
0.928227
1.21314
1.13839
1.18433
1.07712
1.69636
1.16422
1.14725
0.819418
1.26643
0.909887
1.08233
1.60578
1.36955
1.19765
1.15709
0.818137
0.810896
0.969058
1.15745
0.846989
1.50652
1.33136
1.34594
1.07299
1.08896
1.43902
1.05608
0.48331
1.24717
0.774641
1.10882
0.895436
0.818358
0.982559
1.06629
0.834764
0.905341
0.59709
1.14527
1.32161
1.11806
0.929509
0.974987
1.02901
1.23478
1.48219
1.00459
1.06997
0.96446
0.980737
0.708969
0.867621
1.31763
1.32415
0.860172
0.976209
0.862407
1.01719
0.980972
1.19876
1.13743
1.02835
1.30619
0.572418
0.434991
1.0092
0.855478
0.813523
1.05359
0.936909
0.297689
1.06955
0.997436
0.870163
0.76796
0.837975
1.26182
0.789507
1.39006
0.823794
0.807366
0.531623
0.884548
1.27067
1.23717
0.953545
0.468986
0.944342
0.909892
1.17967
1.05232
0.69242
1.08553
0.522437
1.14785
0.939608
1.29827
0.859891
0.596946
0.948882
0.808344
0.757901
1.07256
0.354388
0.807375
1.0646
0.933667
1.02356
0.569812
1.5049
1.12406
0.848356
0.890328
0.667831
1.39293
0.492474
1.07501
1.28575
0.735359
0.704565
1.02046
1.60999
1.42503
1.22526
0.935921
0.571872
0.938717
1.26741
0.760133
1.42589
1.17145
1.03253
0.9305
0.911011
0.833062
0.898511
1.48288
1.05886
1.02197
1.03388
0.946532
1.17931
1.20537
0.540485
1.11754
0.870975
0.732775
1.07722
0.97145
1.04894
0.879803
0.838301
1.31115
1.02579
0.741718
0.894104
1.14637
1.11998
0.900687
0.836125
0.935653
1.00579
0.925735
0.898638
1.08605
1.02134
0.72172
0.779868
1.03788
1.17579
1.44429
0.758476
0.679052
0.558482
1.28025
1.30533
0.67428
0.909025
1.09539
0.841479
1.32081
0.864012
1.03539
0.773987
0.987309
1.05933
0.932241
0.798155
1.05132
0.943664
1.06795
1.30629
1.125
0.876005
0.875917
1.15925
0.673986
0.987277
1.21257
0.962879
1.33957
1.22777
0.735588
0.993613
0.627836
1.24096
1.19984
0.793853
1.33349
1.00198
0.690629
1.1387
0.878415
1.2124
0.972275
0.947052
1.01725
0.955653
1.19277
1.25627
1.13257
1.07609
1.11625
1.47742
0.986049
1.00406
1.0441
0.360387
0.860285
1.33286
1.18013
0.803171
0.812846
1.5284
0.901697
0.821463
0.719393
0.802679
0.982446
0.853108
1.22909
0.738444
1.2292
0.811898
0.601878
0.879643
0.742398
1.02031
1.15283
1.26821
0.753144
1.11158
1.05121
0.962296
0.950883
1.22318
0.822775
1.03205
0.425827
1.0376
1.13598
0.876507
1.06779
1.07395
0.939753
1.28572
1.51765
1.46104
1.23478
0.977135
0.669274
1.08917
1.1767
0.935592
0.794898
1.39119
1.41373
1.12118
1.1325
1.21048
1.07827
1.22053
1.02247
1.0142
1.24325
0.742483
1.05675
1.08009
0.538757
1.05373
1.06293
1.49767
0.778851
1.13278
1.17944
1.05824
0.683335
0.667882
1.06278
0.664561
0.918401
1.39097
0.720092
0.498756
0.861173
0.873114
0.514151
0.975872
0.739488
1.22117
1.13064
1.10319
0.809502
1.03834
0.832198
1.35031
1.17519
0.543857
1.45806
1.16329
1.05481
0.94202
0.976028
0.873102
0.588783
1.01774
0.909639
1.07309
0.822712
0.925867
1.02831
0.958834
0.992822
1.20407
1.3191
0.740735
1.28015
1.23847
1.01546
1.10075
0.856007
1.00626
1.241
1.30493
0.901515
1.04489
0.809063
0.941662
1.29231
1.17076
1.07435
0.635146
1.44853
1.36207
1.16865
1.03686
1.03904
0.626067
0.856811
1.2974
1.12269
0.584531
1.34245
1.38643
1.27722
0.645205
0.981001
0.546089
1.28802
1.01599
1.3372
1.14315
1.11724
1.05417
0.617867
0.648085
1.29015
1.09222
1.50477
1.13729
0.534028
0.991451
1.3233
0.803691
0.625864
0.982609
1.33352
1.16491
1.05107
1.25677
0.564635
1.17396
1.2751
1.01504
0.935303
0.825121
1.07959
1.06612
1.36082
0.892019
0.92627
0.815035
0.831876
0.722366
0.721719
1.04413
0.958058
0.567424
0.829166
0.850959
1.0508
1.23178
1.17114
1.36471
0.733237
0.865988
1.03061
0.575457
0.816371
1.61545
1.05369
1.11087
1.1123
0.428926
1.07727
1.14972
0.967761
1.38743
0.728089
1.02282
0.910978
1.14482
0.731495
1.07359
1.13351
1.10479
1.1793
0.585008
0.825433
1.55296
1.0505
1.06247
1.25481
0.822536
0.620019
0.866973
1.10759
0.923774
1.11383
1.13204
0.800118
0.752668
1.09331
1.2327
0.730482
0.593131
0.888609
1.11511
0.785614
0.84698
0.778868
1.43965
0.793123
1.06668
0.930424
1.02593
0.878664
0.522662
1.58072
0.628135
1.16111
0.673371
0.957616
0.720094
1.26297
1.21173
1.14238
1.1042
0.794022
1.30142
1.18254
0.583721
0.834784
0.626302
0.79485
0.560259
0.675507
0.434346
0.938256
0.76513
1.46132
1.07412
0.668964
1.06527
0.80897
0.353571
1.48327
0.744487
1.01607
0.495831
1.22862
0.622459
0.803972
0.497325
0.478505
1.19184
0.879803
0.954729
0.711469
0.908161
0.593236
0.831294
0.8562
1.13343
0.970719
1.47173
1.02207
1.38376
0.923012
0.791012
0.725838
0.623352
1.09387
0.722343
1.10514
1.33134
1.13178
1.09524
1.21044
1.2152
0.813009
1.04998
0.999119
1.0991
0.845831
0.946023
0.537471
1.43639
1.15508
0.86639
1.30767
1.23922
1.04263
0.894305
0.532203
1.1891
1.41905
1.21401
0.616796
1.22667
1.26173
0.881346
1.17244
0.959659
1.07399
1.15194
1.1239
1.17657
0.998327
1.31107
1.02389
0.820255
1.05615
1.05835
1.59953
0.653751
0.635919
0.967074
1.20321
1.02039
0.720883
1.16511
1.24541
0.752579
0.863164
1.06611
0.893544
0.630694
1.00428
0.918966
0.953649
1.16613
1.4072
1.18841
0.907884
1.17753
0.919328
0.967062
1.28374
1.22014
0.798262
0.778899
1.0251
0.880746
1.37167
1.32883
0.912783
1.14115
1.12715
0.905873
1.16317
0.733465
1.04454
0.879618
1.42774
0.782042
0.663341
1.02176
0.925762
1.19496
1.20796
1.05888
0.843413
1.5224
0.686683
0.73087
0.92066
0.834217
1.0363
1.05184
0.856375
1.15439
1.09439
0.590118
1.16009
1.58794
1.08939
1.05826
1.1254
1.17745
0.85424
1.1062
0.894658
0.691269
0.882419
1.12336
1.19743
0.593332
1.21352
1.30738
1.45356
0.757828
1.01689
1.40189
0.441377
1.34694
1.31241
0.832153
0.533968
1.07313
1.04367
1.40572
1.12482
0.85642
0.77063
1.217
1.0044
0.940699
1.13796
0.855456
0.750176
1.07066
1.05482
1.10432
1.04882
1.22769
0.989743
0.998701
1.46595
0.799745
1.2732
1.07461
1.00209
0.939791
1.3831
1.20331
0.868444
0.694
0.866423
1.11675
1.44526
1.10877
0.776323
1.21347
0.595506
1.13471
0.818017
1.24459
1.05275
1.33074
0.906291
0.918215
1.07209
1.08756
1.30009
1.17927
0.966649
0.858389
0.550294
0.910272
1.31342
0.883009
0.957958
0.4379
1.32296
0.92905
0.584169
0.867377
1.10296
0.863191
1.16241
0.855543
1.02656
0.814322
1.17749
0.961085
1.10948
0.751566
1.10889
1.03679
1.08207
0.659307
0.686374
1.03295
0.959589
0.569474
1.55433
0.625317
0.931531
0.558613
1.20187
0.884335
1.10298
0.920864
0.576644
0.297223
0.550678
1.13321
0.876456
1.4391
1.15214
0.725858
0.845433
0.852464
1.57201
1.02729
0.954453
1.0946
1.46904
0.968005
1.157
1.30791
0.371563
1.37119
0.694409
0.944725
0.730587
1.28162
1.10416
0.855784
0.941735
0.92074
1.36338
0.836825
1.03675
0.795149
1.08582
0.681702
0.738423
1.10023
1.03103
1.34971
0.851656
0.786328
0.959978
0.900615
1.23072
0.736879
1.34271
1.08988
1.19177
0.912486
1.08534
0.667952
1.14293
1.17976
1.79043
1.55101
0.909032
0.909149
0.725901
1.17479
0.743178
1.32761
1.22131
1.20802
0.763737
1.25005
0.873383
1.4696
1.13835
1.0739
0.968353
0.725377
0.597549
0.815119
1.29325
1.44558
1.24719
0.890247
0.871549
0.807041
0.831134
1.1269
1.08217
0.945269
0.552344
1.15426
1.04007
1.09938
1.23145
0.712903
1.34207
0.938955
1.22582
1.51142
0.923135
0.807597
1.21941
1.12967
0.684441
1.32181
1.0879
1.16264
0.62451
0.949134
1.27573
1.23288
1.23475
1.27222
0.941266
1.37564
1.09597
0.867192
0.895884
1.69518
0.961231
0.935825
1.30682
0.674877
0.878934
0.879187
1.13195
1.13301
0.846315
0.944983
0.967529
1.18038
0.790331
0.872745
1.16087
1.14368
1.143
1.2503
1.04923
1.32856
0.891105
0.85185
0.811566
1.22184
1.07886
1.02746
1.21056
0.828097
0.943275
1.3654
0.56686
1.26746
1.31475
1.1336
0.44932
1.03434
1.1921
1.4209
1.0797
0.955765
0.84448
0.910919
0.536084
1.06084
1.15152
1.23704
1.45541
1.02526
1.33144
1.46372
0.909573
1.11096
0.835027
1.20926
0.824688
1.11586
0.794431
1.11836
0.741474
0.711897
1.0536
0.924226
1.11611
1.37786
1.02856
1.05563
1.0881
0.74739
1.08354
0.882872
0.736678
0.872323
1.02604
1.28261
1.0555
0.763638
0.991847
0.746734
0.766579
1.13938
0.760496
0.924805
1.18899
0.441325
1.10452
1.10994
1.18271
0.759716
0.891067
1.12727
0.807114
1.32067
1.19873
1.23896
1.25661
1.0812
0.983079
1.16331
0.93849
1.02251
0.961629
1.18964
1.31278
1.06446
1.07739
1.05095
1.10755
1.14629
0.713708
1.25434
1.2782
1.51394
0.894828
1.14559
0.864986
1.11386
0.67633
1.12816
1.1051
1.12822
1.28468
0.924382
1.31734
1.2477
0.468487
0.956747
1.13681
1.10166
1.15503
0.866756
1.11071
1.05569
1.32129
1.04172
1.13296
0.815674
0.518247
1.17379
1.31713
0.805154
0.93294
1.1005
0.985424
0.7762
0.959291
1.09512
0.911256
1.16742
0.925609
1.34401
1.21491
0.971791
1.12085
0.814762
0.73301
1.07581
0.992836
0.673872
1.14696
1.27759
0.431477
1.3156
1.17963
0.954612
1.58877
0.695542
1.23795
0.875858
1.12932
1.16793
0.585123
1.17582
1.23279
0.785047
0.713393
0.844176
1.0428
1.19009
1.27465
0.991973
0.8718
0.938417
1.07586
0.293782
0.58867
0.824621
1.18592
1.44978
0.924738
0.625462
1.03774
1.18169
1.08688
1.18029
0.742537
0.602813
1.14935
1.15804
1.11992
0.805765
0.996115
0.408419
1.11687
0.558215
0.556977
1.03914
1.21976
1.12895
1.3832
0.827993
1.09584
1.07978
0.647518
1.15303
1.34825
0.955638
0.483895
0.875581
1.07784
1.16932
0.786703
0.479779
1.07377
0.80199
1.01769
1.13854
1.40016
0.59672
1.3285
1.11644
0.992998
1.15208
0.77638
1.30615
1.02662
1.07983
0.668015
1.38366
1.08204
0.656104
1.10995
1.26316
1.1144
0.454548
0.67395
1.07415
0.901822
0.840889
0.650995
1.01937
1.09014
0.96905
0.966634
0.842327
1.20846
1.04939
0.762102
0.851638
0.996521
0.825276
0.992062
1.07809
1.09152
1.14031
1.00423
1.02867
1.35477
0.916827
1.13386
1.27652
0.72455
1.0705
0.816833
1.1904
1.143
1.06503
0.774308
0.68226
0.950393
1.3979
0.918824
0.743645
0.570794
1.00013
1.39841
0.649841
1.05381
0.871525
0.926684
1.2163
1.65488
0.790748
1.09447
1.00728
1.15546
1.13175
1.29927
1.2125
0.699544
1.33648
0.434782
0.791387
0.653417
1.10231
1.18613
0.814735
0.764936
1.0098
1.11251
0.948171
1.39042
0.998107
0.695057
0.697218
0.956809
1.19713
1.43869
1.73688
1.1403
1.31338
1.18475
1.23651
0.96469
0.739518
0.984902
0.65758
1.4359
1.07419
1.43639
0.527825
1.13296
0.828305
1.28525
1.14435
1.20495
1.0968
1.17114
1.19323
1.28701
1.06794
1.07929
1.09821
0.937564
0.911704
1.0233
0.333974
1.62586
1.14439
1.32255
0.616199
1.45014
0.953486
0.970283
0.910829
0.993477
1.35298
0.861589
1.14995
0.81505
1.36425
0.727509
1.31365
0.967949
1.06591
1.15203
1.05753
1.17531
1.26762
0.498633
1.20646
1.19832
0.824468
1.00558
0.787529
0.86248
0.880178
1.05673
1.28403
0.791603
0.537324
1.11842
0.899973
0.801044
1.32963
1.19654
0.750424
1.33594
0.536838
0.807473
1.04669
0.663773
1.56503
0.862877
1.03242
0.625161
1.03736
0.716892
1.04939
0.651863
1.1648
0.83096
0.538935
1.52841
1.06266
1.42282
0.65578
1.11684
1.05442
1.45471
1.08619
0.921685
0.923107
1.32005
0.959884
0.66809
1.72602
0.983813
1.40064
0.911387
1.1305
1.25049
0.914892
0.863884
1.11869
1.06412
0.694096
0.72841
1.39873
1.09965
0.63182
0.910162
0.819022
1.08318
0.815706
0.892821
1.02283
0.538706
0.801433
1.15466
0.933203
1.23609
0.914827
1.216
0.97617
1.14557
1.17808
0.981292
0.97007
0.562283
1.34558
1.17083
1.3348
1.4034
1.09786
0.669496
0.73213
0.965232
0.985684
1.19959
0.63381
0.474939
1.2394
0.987315
0.962714
0.833086
0.801291
1.03296
0.974469
1.32583
1.01921
0.923271
0.874538
0.939437
1.34318
1.14116
0.688292
0.590927
0.890601
1.52623
1.12236
0.742397
1.29746
1.40053
1.47864
0.951976
1.21672
0.867162
1.63439
1.1977
1.05318
1.0034
1.07792
0.84967
1.05378
1.1328
0.73485
1.36586
1.18971
0.924852
0.696554
0.722686
0.817854
1.04592
0.926317
1.02644
1.24063
0.903449
0.795943
0.881346
0.850165
0.86441
0.967499
1.03428
0.852813
1.70325
0.926758
1.26171
0.978509
1.34729
1.27618
1.06654
1.04368
1.50786
1.39051
1.38167
0.816566
1.33366
0.84526
1.02311
1.12256
1.42315
0.863406
1.33751
1.16852
0.714394
1.34898
0.821839
0.910847
1.23017
1.1742
0.864338
0.9544
1.06592
1.06392
0.923331
1.20926
1.30377
0.738267
0.624878
1.08197
0.779213
0.751719
0.831185
1.26292
0.945599
0.83843
0.778841
1.20843
0.92541
1.2902
1.29695
0.960673
0.781184
0.93237
1.13084
0.284427
0.951524
0.770825
0.899064
0.978807
1.11196
1.23455
0.787269
0.86869
1.04421
1.19031
0.929437
0.721332
0.69807
1.03481
0.9928
0.718946
0.986349
0.861751
0.992044
0.748121
0.900895
1.06452
1.06011
1.10338
1.26898
1.10119
0.876292
0.74633
1.24834
0.368275
0.736237
0.971703
0.844228
1.11478
0.797595
0.887985
0.85939
1.0451
0.805036
1.68104
0.930233
1.3135
0.54232
1.25161
0.90156
0.878547
0.94533
1.10655
0.751779
0.596511
1.06028
1.19443
1.25025
1.2208
1.02273
0.934643
0.819525
1.22482
0.900427
1.27647
1.04692
1.48308
0.682359
0.937905
0.788174
1.12598
0.803659
1.33443
0.786105
0.584648
0.919352
1.0748
0.875974
0.657437
1.33048
1.36492
1.18101
1.36776
1.22272
1.01618
0.527693
0.958945
0.980238
0.923474
0.980455
0.690852
1.50982
1.06296
1.05342
1.26725
0.616464
0.604293
1.26012
1.45086
0.977522
0.959985
0.601959
1.36651
0.704823
1.21199
1.26883
0.912427
1.01951
1.28048
1.36218
1.01866
1.00245
1.23723
1.45761
1.12872
0.873995
1.04318
1.41871
1.21292
0.556082
1.05335
0.793594
1.18743
0.866263
0.947808
0.78359
1.17784
0.483498
1.20137
0.497148
0.627325
1.17153
1.25128
1.14764
0.599864
1.34583
1.22741
0.773065
0.799567
1.05602
0.618823
1.44185
1.22697
1.4305
1.03866
1.3559
1.38374
0.914729
0.594267
1.33689
1.13877
0.97579
1.18916
0.742917
1.00807
1.2546
1.17758
0.852315
0.894267
0.873657
1.14617
1.18434
1.23301
0.585979
0.967815
0.776463
0.853897
0.89612
0.557247
1.20397
0.696213
1.07808
0.864239
1.37255
1.44448
0.996047
1.259
1.47473
0.790242
0.839337
1.39984
1.14617
0.714406
0.768692
1.23977
1.47898
1.12407
0.723905
0.753376
1.32462
0.900787
0.970679
1.22377
0.932528
0.700571
0.59108
1.09393
1.00195
1.10309
1.26912
1.44018
1.14655
1.32436
1.03946
1.17295
0.60586
1.02855
1.36067
1.12938
0.796957
1.40011
1.27399
0.831813
0.843659
1.08485
0.953633
0.868792
1.08772
0.827158
1.68698
1.36913
1.02524
0.649489
1.43291
1.07001
0.530984
0.879419
0.610764
0.71739
1.06058
0.959487
0.814191
1.29019
1.31676
0.610416
0.707384
1.14555
1.06864
0.504989
1.03053
1.11304
1.07453
0.621376
1.09012
0.971783
0.966536
1.1167
0.871369
0.88517
1.13626
1.14078
0.674485
0.79949
1.65125
0.977746
0.613564
0.859427
0.575557
1.18338
1.05474
0.640288
0.878191
0.756548
0.57211
0.830806
0.762642
0.61019
0.851169
0.671197
1.10602
0.506117
1.09903
1.03626
1.07505
0.75082
1.31589
0.945384
0.942874
1.29682
1.29056
0.565951
0.59707
0.839379
0.757265
0.757907
1.33242
0.878859
1.21809
1.04847
1.16346
0.755024
1.00548
1.11992
0.893761
1.2482
1.35227
0.977504
1.01916
1.25386
1.2419
0.566569
1.03983
1.38912
1.17363
0.936153
1.18032
1.30314
1.05666
0.587282
1.18869
1.00293
1.44936
0.840284
0.961776
1.52912
0.377383
1.29871
0.903747
0.991698
1.0732
1.17411
0.595332
1.01945
0.501203
1.29739
1.18481
0.634261
0.747631
0.765891
1.37745
0.894409
1.06267
1.68937
0.936055
0.849462
0.677636
1.0364
0.742634
0.882548
1.50988
0.928497
0.904735
1.207
0.962056
0.95521
1.00171
1.00785
0.838881
0.413278
0.830322
1.16644
1.17429
0.905982
0.77658
0.020389
0.956668
1.27256
1.10108
0.974579
0.605102
0.417759
1.09804
0.795882
1.3388
0.91843
0.854858
1.03771
1.01525
1.32154
0.998151
0.828242
1.25023
0.767323
1.16151
1.20499
1.08528
0.62758
0.946746
1.09425
1.40118
1.26725
0.969387
0.791831
0.926547
1.427
0.757001
1.05058
0.765336
1.4346
1.20834
0.726207
0.692295
0.979517
0.642151
1.00698
1.23293
0.922325
0.613416
1.1489
1.13097
1.40787
1.05809
1.23239
1.04687
1.11196
0.729915
1.27807
1.22057
0.439614
1.00568
1.01316
0.875187
0.974422
0.650015
1.22262
1.00118
1.22122
1.01961
0.535329
0.714224
1.5597
0.841057
0.996701
0.985821
0.844572
1.16699
0.832846
1.0767
0.956302
0.738126
0.711325
1.08722
1.3698
1.30277
1.05105
1.179
0.803771
0.89498
0.853471
0.961232
1.15987
1.11374
1.05177
0.917329
1.21829
0.873392
1.13519
1.11802
1.16083
1.41594
0.833561
0.571759
0.983216
0.527836
0.876393
1.17362
1.14411
1.3817
0.680067
0.772096
1.00131
1.45708
0.94623
0.722009
1.02444
0.456172
1.2351
0.748429
0.738095
0.90093
0.735026
1.38627
1.46684
1.40471
1.18903
0.679496
1.15829
1.16874
0.870351
1.03323
1.08126
0.674428
0.9218
1.15845
1.11272
0.930733
1.09054
0.964628
0.882661
0.605115
0.567115
0.682957
1.16081
0.752862
1.2415
1.01793
1.00073
0.95722
1.20124
1.08826
1.08946
1.1599
1.23622
1.14681
1.09581
1.14414
0.7875
1.10889
0.605829
1.00723
1.24974
0.613261
0.508073
0.437609
1.21618
0.908868
0.880834
0.709965
0.896955
1.21197
1.16581
0.59024
0.774754
1.0614
1.24004
1.0282
0.814142
1.10596
0.707378
0.803381
1.02371
0.531476
0.901845
0.317976
1.30159
0.644076
1.17051
0.851534
1.43386
0.830805
0.443003
1.00385
1.29468
1.08606
0.710802
0.543621
1.08105
0.99157
1.18633
0.92591
0.930254
1.14501
1.15993
1.20562
1.50719
1.00095
0.96502
0.575698
0.735974
0.583378
1.4303
1.05075
1.06252
1.09002
1.15151
1.00688
0.831264
1.20997
1.33484
1.22036
0.594827
0.845001
0.928735
1.09915
1.6097
0.993793
1.05925
0.605671
0.888306
1.61403
0.687953
0.953277
1.05116
1.36716
1.30017
0.815385
1.26688
1.35343
0.890694
0.781504
1.05216
0.617312
0.854895
0.920356
0.860176
0.997443
1.01047
0.75806
1.13463
1.04379
0.634149
0.990305
1.0532
0.723033
1.0975
1.09883
1.01209
0.86629
1.00627
1.12923
0.614029
0.836682
0.987138
1.42049
0.961544
0.801061
1.22303
1.25543
1.10144
1.12897
1.30145
1.21511
1.13187
0.716439
1.24566
1.1112
1.38551
1.19768
0.954289
1.15464
1.04436
0.957074
0.420152
0.999131
1.11449
1.19635
1.35464
1.19999
0.861163
1.03756
0.929686
1.20473
0.843386
0.695254
1.35694
1.0079
1.17929
1.23639
0.81404
1.06259
0.501777
1.07112
1.10283
1.17507
0.89769
1.26206
1.01853
1.36961
1.46926
0.989759
0.692257
0.84768
1.39767
1.0796
0.812377
1.21012
1.22481
1.3436
1.04745
0.681376
0.872812
1.06026
0.824602
1.3077
0.905962
0.987596
0.959929
1.22127
1.45947
1.05417
1.37414
1.21667
1.19586
0.898631
1.05757
1.19781
0.665046
1.06099
1.19753
0.948833
1.08241
0.809098
1.00173
0.838276
0.876774
0.836725
1.34398
0.821478
0.754724
1.24864
1.06027
0.603415
0.814002
1.13064
0.776366
1.21096
1.05586
1.14096
0.997392
1.16523
0.823966
1.17029
0.690803
1.1226
1.23429
1.02618
1.25987
1.18448
0.830376
1.01537
0.792692
0.935524
0.834598
0.642843
1.21994
0.831324
1.19963
1.09554
1.26452
0.882656
0.828788
1.39733
1.06211
1.27396
0.907668
1.16742
1.18363
1.02012
1.33666
0.97352
0.987875
1.41399
0.96259
1.23899
0.819847
0.75148
1.49754
0.42094
0.785946
1.32786
0.859177
1.25722
0.703808
0.962887
1.0778
0.780225
1.14136
0.909509
1.1807
1.3095
0.798921
1.13776
0.744821
0.885172
1.2321
0.674193
0.976558
1.04843
1.22892
1.23927
1.06013
0.893022
1.23222
1.03006
1.25246
1.13052
0.856066
1.16557
1.29792
0.802451
1.24282
0.811565
0.847279
0.978301
0.554243
1.25654
0.723469
1.34663
0.756224
0.938224
1.16617
0.684879
1.12378
0.726378
0.92396
0.780917
0.824164
1.17093
0.558279
0.949787
0.58551
0.662151
1.0178
0.851018
0.823316
0.788897
0.613998
1.002
0.651535
0.74418
1.04558
1.28267
0.660591
1.39445
0.854947
1.27592
0.847098
0.762668
1.02665
1.11343
0.959882
0.647189
0.752223
0.809547
1.34997
1.3356
0.862539
0.958244
1.11447
0.963049
1.4011
1.1909
0.581782
1.20409
1.20803
0.769474
1.20713
1.16249
1.07925
1.30703
0.635206
1.18582
0.997919
1.30247
1.31706
0.890767
0.711555
1.0099
1.05037
0.487482
0.932865
0.658057
0.762247
0.729106
1.21109
0.860386
0.898634
0.553831
1.19843
1.49151
1.2913
0.865898
1.03438
1.10347
1.19375
1.04128
1.24741
0.844977
0.823146
0.746469
0.942617
1.03713
0.97217
0.910764
0.71466
0.731731
0.724167
0.57577
0.853669
0.930869
0.865461
0.995245
0.820352
0.499154
1.0857
1.2608
0.90663
1.05704
0.756918
0.660647
0.734624
0.936453
1.485
1.09235
0.835593
1.03815
0.913198
0.721579
0.906144
0.736228
0.479394
0.751748
0.807112
0.729204
1.32041
0.652481
0.758336
1.12786
1.09861
0.419871
0.739181
1.51313
1.36686
0.954691
0.966564
1.11644
1.32335
1.45909
1.02866
0.642587
0.884588
1.13855
0.850683
0.77788
1.29087
1.05535
1.12884
1.08273
0.847045
1.01392
1.09543
1.08652
0.857079
1.20375
0.819775
0.723034
0.585103
1.198
0.375074
1.40887
0.725205
0.924755
1.39987
1.26529
1.26011
0.915644
1.21273
1.00771
0.485477
0.666519
0.969313
0.701573
0.924192
0.718629
0.583926
0.927831
1.31381
1.05506
0.538378
1.21895
0.941818
0.919384
0.676813
1.09466
0.98193
1.1014
0.82919
0.960183
1.05449
0.846511
0.656866
1.41667
0.715883
1.55197
0.690399
1.02532
0.884791
1.49609
0.817286
1.23095
1.43561
0.862643
1.19015
0.788092
0.933629
1.20929
0.869059
1.53721
0.596143
0.62365
0.658088
1.47882
0.894166
0.863521
1.31437
1.18184
0.381476
1.00822
0.731928
0.809077
0.906994
1.19226
1.06276
0.751314
0.989819
1.0148
1.52242
1.15919
0.74662
0.870912
0.840915
0.827649
1.03107
1.32042
1.1456
1.45588
0.79168
1.25601
0.856766
1.46682
0.993989
0.930606
0.883609
0.919075
1.29203
0.9813
1.41286
0.987246
0.983822
1.06776
0.661424
1.31406
0.93688
0.986796
1.54599
1.08057
1.26499
0.582007
0.761917
1.19881
0.914769
1.36324
1.14124
0.502236
0.957899
0.83083
0.852754
0.654797
1.34659
1.54012
1.06966
0.820558
1.05314
0.713566
1.28264
0.63038
1.05926
1.61677
0.979974
1.1321
1.47133
0.780151
1.26107
1.03249
0.720178
0.989833
1.24534
0.955181
0.96893
0.534368
0.543155
1.14609
0.965531
1.17045
0.997104
1.77138
1.37961
0.893047
1.33367
1.20465
1.02452
0.863776
1.18291
1.05336
0.823088
1.05999
0.897509
0.98804
1.26408
1.21782
1.078
1.03455
1.0529
0.657391
1.23937
0.824017
1.04186
0.99871
0.592612
1.24157
1.21371
0.73952
1.23618
1.51467
1.11985
1.32047
1.31351
0.939955
1.42774
1.14582
0.564282
0.849456
1.19181
0.842558
1.44066
0.852275
0.985894
1.20846
0.871758
1.13107
0.692402
0.816316
0.814535
0.972342
1.10949
1.33173
0.998981
1.04945
0.674595
0.895707
1.26966
1.15419
1.09434
0.77137
0.836437
0.652153
0.918199
1.24035
1.03497
0.817397
1.36242
1.29804
0.758989
1.5515
1.04145
1.22194
1.13592
0.869013
0.725944
1.12411
0.88997
0.986859
0.662331
1.0592
1.15606
0.756871
1.17059
1.01875
0.589189
1.31281
1.13473
1.4477
0.653202
1.11467
0.664594
0.831588
1.51119
1.08893
0.920661
1.35718
0.734398
0.965945
0.737921
0.884624
1.07631
1.22443
1.32493
1.03339
0.860302
0.878872
1.37882
0.86217
1.34709
0.630205
0.984154
0.642968
1.16302
0.978418
1.36462
0.918999
1.07633
0.544523
1.29889
1.0851
1.52704
0.650333
1.34387
1.31357
1.42267
1.35886
1.16225
0.844701
0.939228
1.41322
0.748115
0.869156
1.27184
1.10471
1.01691
0.869631
0.868102
0.91301
1.12101
0.813751
1.44623
1.21665
1.30223
0.935644
0.983441
1.21776
0.746786
1.00622
1.15125
1.02794
0.531474
0.826002
0.469676
1.0688
0.882558
1.01248
0.659604
1.27124
0.990072
1.21105
0.561826
1.14493
0.595148
0.621369
1.01427
0.740475
1.33601
1.31045
0.820372
1.29357
1.19219
0.743389
0.932079
1.03026
0.914284
0.778781
0.80086
0.786061
1.0147
1.17588
1.22059
1.26428
1.02507
1.00999
1.13135
1.38743
1.26819
0.631422
0.962106
0.821831
0.988166
0.974339
0.648803
0.678878
0.689232
0.944481
1.19421
0.973972
1.06432
1.09688
0.68529
0.799886
0.682617
1.01025
1.14258
1.44987
1.08143
1.00137
1.33378
0.881785
1.53829
0.925229
1.31204
1.51023
1.18504
1.15617
1.1891
1.43787
0.76056
0.915094
0.907991
1.18502
0.833695
1.08424
1.13994
1.41944
1.12932
0.688779
1.16162
1.41246
0.955116
1.2801
0.919946
1.03413
1.43297
1.37728
1.00002
1.1103
1.30921
0.802129
0.724125
0.793004
0.972401
0.766495
0.672085
1.29583
0.817519
1.19541
1.58454
1.21354
1.04494
0.608672
1.10119
0.854436
1.13875
1.26301
1.62582
0.828024
1.18419
1.23594
0.978494
1.24062
0.923459
0.689378
0.998303
1.32417
1.378
1.16918
1.18692
0.986994
1.042
0.60725
0.853929
0.739009
0.784235
1.135
0.825825
1.00911
1.18575
1.11807
0.92119
1.12029
1.3768
1.25089
1.27937
0.787275
0.718393
1.26072
0.434284
1.08775
0.739857
0.707664
1.34238
0.785586
0.914605
1.13895
0.769741
1.13335
0.864169
1.49668
1.44863
1.0196
1.43869
1.13183
1.03063
0.538143
1.02437
1.18871
0.818212
0.811976
0.968388
0.379654
0.990176
1.21337
1.11236
0.999539
1.10077
0.726234
1.12006
0.799407
1.36703
1.12048
1.15355
0.651085
1.13176
0.88846
0.483747
1.12918
1.27901
1.16877
1.41848
0.856721
0.801045
0.58488
1.25761
0.875707
0.756838
1.58116
1.12695
1.0277
0.702662
1.00051
Rank 0, Local Sum = 3981.02
Rank 0, Global Sum = 3981.02

Oncoprotein summary: 
===================
mean: 1.00455
standard deviation: 0.25053
[min max]: [0.020389 1.79043]

Using PhysiCell version 1.6.1
	Please cite DOI: 10.1371/journal.pcbi.1005991
	Project website: http://PhysiCell.MathCancer.org

See ALL_CITATIONS.txt for this list.
current simulated time: 0 min (max: 720 min)
total agents: 3963
interval wall time: 0 days, 0 hours, 0 minutes, and 1.5306e-05 seconds 
total wall time: 0 days, 0 hours, 0 minutes, and 2.0617e-05 seconds 


Using method diffusion_decay_solver__constant_coefficients_LOD_3D (implicit 3-D LOD with Thomas Algorithm) ... 

current simulated time: 120 min (max: 720 min)
total agents: 3963
interval wall time: 0 days, 0 hours, 0 minutes, and 14.375 seconds 
total wall time: 0 days, 0 hours, 0 minutes, and 14.375 seconds 

current simulated time: 240 min (max: 720 min)
total agents: 3963
interval wall time: 0 days, 0 hours, 0 minutes, and 14.3769 seconds 
total wall time: 0 days, 0 hours, 0 minutes, and 28.752 seconds 

current simulated time: 360 min (max: 720 min)
total agents: 3963
interval wall time: 0 days, 0 hours, 0 minutes, and 14.3794 seconds 
total wall time: 0 days, 0 hours, 0 minutes, and 43.1314 seconds 

current simulated time: 480 min (max: 720 min)
total agents: 3963
interval wall time: 0 days, 0 hours, 0 minutes, and 14.3786 seconds 
total wall time: 0 days, 0 hours, 0 minutes, and 57.51 seconds 

current simulated time: 600 min (max: 720 min)
total agents: 3963
interval wall time: 0 days, 0 hours, 0 minutes, and 14.3763 seconds 
total wall time: 0 days, 0 hours, 1 minutes, and 11.8862 seconds 

current simulated time: 720 min (max: 720 min)
total agents: 3963
interval wall time: 0 days, 0 hours, 0 minutes, and 14.3766 seconds 
total wall time: 0 days, 0 hours, 1 minutes, and 26.2628 seconds 


Total simulation runtime: 
0 days, 0 hours, 1 minutes, and 26.2861 seconds 