Using config file ./config/PhysiCell_settings.xml ... 
User parameters in XML config file: 
Bool parameters:: 

Int parameters:: 
User parameters in XML config file: 
Bool parameters:: 

Int parameters:: 
random_seed: 0 [dimensionless]

random_seed: 0 [dimensionless]

Double parameters:: 
Double parameters:: 
tumor_radius: 150 [micron]
oncoprotein_mean: 1 [dimensionless]
tumor_radius: 150 [micron]
oncoprotein_mean: 1 [dimensionless]
oncoprotein_sd: 0.25 [dimensionless]
oncoprotein_sd: 0.25 [dimensionless]
oncoprotein_min: 0 [dimensionless]
oncoprotein_max: 2 [dimensionless]

String parameters:: 


oncoprotein_min: 0 [dimensionless]
oncoprotein_max: 2 [dimensionless]

String parameters:: 



Microenvironment summary: microenvironment: 

Mesh information: 
type: uniform Cartesian
Domain: [-240,240] micron x [-240,240] micron x [-240,240] micron
   resolution: dx = 20 micron
   voxels (per-process): 6912
   voxel faces: 0
   volume: 1.10592e+08 cubic micron
Densities: (1 total)
   oxygen:
     units: mmHg
     diffusion coefficient: 100000 micron^2 / min
     decay rate: 0.1 min^-1
     diffusion length scale: 1000 micron
     initial condition: 38 mmHg
     boundary condition: 38 mmHg (enabled: true)

creating 3963 closely-packed tumor cells ... 
1.2807
1.01771
0.644419
0.927152
0.956733
0.978082
1.28133
1.30515
1.10709
1.35359
1.50204
1.15122
1.39864
0.983772
1.14781
0.888942
0.77955
0.864771
0.9718
1.20382
0.743455
1.32317
0.598649
1.0277
1.02874
0.56626
1.57494
1.31568
1.26645
1.03602
1.00672
0.981704
0.988972
0.996914
1.48982
1.08263
1.00688
0.94399
1.24996
0.837272
0.692341
0.750404
1.4343
0.864409
0.855273
1.06925
1.08052
1.09718
1.07397
1.43191
0.794756
1.02168
1.10776
0.865554
0.876899
1.4511
0.794784
1.13104
1.18109
0.730055
0.415488
0.931162
1.30628
0.681628
1.11559
0.734505
0.70715
0.963796
0.805051
0.469372
0.895669
1.26524
1.03545
1.33864
0.837071
1.22244
1.0993
1.015
0.835706
1.08869
1.11794
0.85484
0.995266
1.19994
1.10972
1.50396
1.38346
0.38583
1.10504
1.0659
1.05702
1.24155
0.881919
1.36934
1.10692
1.05116
1.45723
1.11882
0.703266
1.12606
1.20462
0.799078
0.916897
0.894306
0.906043
1.17595
0.831025
0.887853
0.944979
0.777026
1.66581
1.12141
0.941088
0.994629
0.970649
0.995831
0.904923
1.09047
0.620493
0.803728
1.35796
1.28499
0.55611
0.598403
1.08032
1.00553
1.17315
1.20307
0.928113
1.17145
0.801653
1.14237
0.608736
1.38992
1.28592
1.3117
0.782456
0.721407
1.11431
1.08662
1.04952
0.205535
0.992181
0.696095
1.37378
0.699276
1.09829
0.505163
0.951167
1.05485
0.767564
1.41237
0.737014
1.1558
0.775027
1.24492
1.12177
0.978598
1.23274
0.822109
0.472688
1.30113
1.49025
0.793218
0.961744
1.0204
1.54594
0.875458
1.36208
0.957312
0.883048
1.22501
1.1301
0.638819
0.752433
1.15906
0.998072
1.31391
0.908271
0.978598
1.37181
1.17719
0.828154
1.15535
0.917265
0.984947
0.927149
1.18396
1.07256
0.918467
1.29674
1.00482
1.16303
1.32272
0.652728
1.28187
0.977151
1.25764
1.3958
1.45859
0.797633
0.887062
1.09807
1.08422
1.13675
1.01835
1.03488
1.18502
1.60025
1.15478
1.27575
0.571936
0.646441
0.892197
0.494549
0.697081
1.2151
0.844057
1.08421
0.815188
0.937225
1.06244
1.46282
0.946693
1.02078
0.956268
1.03842
0.764985
1.54539
1.19253
1.08987
0.722749
1.21853
1.45369
1.11435
0.895298
0.632425
1.18238
0.663147
0.672097
1.04863
1.42549
0.686692
0.79153
1.20734
1.18661
0.638746
0.565169
1.31652
0.908831
1.17642
0.702877
1.14035
0.916422
1.02681
1.14809
0.933722
1.20957
1.03124
1.05561
1.16712
0.632715
0.925869
0.504863
1.12994
0.276595
0.587283
0.986266
1.28975
1.06336
0.703098
1.12126
1.24488
0.487512
0.786039
0.975852
1.08242
1.24508
1.18926
0.642152
0.563456
1.01126
0.851075
1.30724
0.564613
0.967056
0.724892
0.819647
1.09325
0.684031
0.67473
0.730222
1.01676
0.652685
1.38074
1.33617
1.12951
1.01655
1.26188
0.926154
1.16807
0.784668
1.01381
0.669345
1.19768
1.07116
1.22077
1.04637
1.05585
1.18562
0.965302
0.859865
0.39449
1.05
1.24318
0.575466
1.05018
1.27569
1.22711
1.56313
0.695351
0.872355
0.968639
0.939846
0.605742
1.22976
0.943002
0.976711
0.830446
1.38939
0.889059
1.22229
1.04388
1.0085
1.32218
1.13471
1.22226
0.554083
0.759185
1.11803
1.00894
1.07665
1.1647
0.837937
1.63501
0.805108
1.32114
1.34316
1.31957
1.14892
0.773013
1.02313
0.66338
1.28102
0.971089
0.67515
0.975983
1.1721
0.912719
1.12822
1.15542
1.04609
0.808223
0.995545
0.94767
1.13726
1.15829
1.48385
1.36425
0.78575
0.659466
1.14816
0.798345
1.01213
0.905729
1.20278
1.00084
0.613822
1.16468
1.08152
0.648177
1.29695
0.97365
1.0657
1.29348
0.802499
1.12882
1.02566
0.486037
0.958607
1.01897
1.17326
0.758008
0.749633
0.581953
1.11516
0.894014
0.993605
1.22073
0.946289
1.02
0.685702
0.921504
0.922051
1.27228
0.953154
0.985507
1.17142
0.877383
1.05058
0.918244
0.911861
0.951101
0.678554
0.555894
0.976187
0.418013
0.699357
0.793432
0.459561
0.875832
1.43389
0.650669
0.775714
1.18336
1.65272
1.06682
0.933557
0.933271
1.09302
0.794536
0.987922
1.19042
1.17624
0.834264
1.07054
1.01765
0.920798
1.2023
1.09877
1.01756
0.73625
0.960529
1.37035
0.94831
0.837217
0.812976
0.948514
0.86091
1.32691
0.812394
0.607443
0.92407
0.828488
0.485186
0.897376
0.809327
1.24363
0.741849
0.658555
0.570731
1.14922
0.673052
0.698783
1.35637
1.09635
1.38623
1.22449
1.21994
1.03706
1.03998
1.17295
0.761953
1.29649
1.33823
1.35772
0.890299
0.813179
1.40631
0.910072
1.2669
0.695442
0.984476
0.416651
0.777565
0.811264
1.10636
0.904474
1.26244
1.32817
1.53
0.684684
0.683355
0.991244
1.06014
0.831609
1.04166
1.13772
0.680046
1.15749
1.05348
0.934086
1.10691
0.949752
0.622849
0.812951
1.03746
0.932056
0.957118
0.892886
0.59212
1.23414
0.972424
1.09223
1.01583
1.19099
0.95072
1.51677
0.587524
0.866984
1.185
1.39368
0.839853
0.912779
1.17351
0.796845
0.868718
1.00664
0.824162
0.951418
1.00159
0.961434
1.54873
1.52395
1.11605
0.83811
0.817828
0.875904
1.03365
1.05165
1.1681
1.08871
0.918417
1.15789
0.996705
0.980125
1.28408
1.47324
1.51897
1.06917
1.13575
1.31481
0.783089
0.670451
1.28549
1.00298
0.92341
1.21934
1.26857
0.833713
1.14086
1.09365
1.11239
1.22139
0.947887
1.05931
1.32428
0.713851
1.01784
1.18184
1.02446
0.557634
1.00411
0.925142
1.04921
1.25032
1.15515
1.295
0.728734
0.982535
0.879366
0.671458
0.924589
1.24981
1.10624
1.19908
1.21329
1.34539
1.11467
0.731258
1.08832
1.13583
1.14213
1.31242
0.842771
0.740598
1.10778
0.942375
0.738417
1.09471
1.18043
0.861806
1.2551
1.13808
1.15597
0.62803
1.55386
0.827211
0.788659
0.776952
0.718672
0.96222
1.1892
1.0105
0.921991
0.98304
0.996171
0.344485
1.04441
1.27701
0.431325
0.649149
1.2874
0.876779
0.836617
0.728556
0.803276
0.671347
0.776147
1.09842
0.644057
0.725245
1.09933
1.44348
0.844904
1.22944
0.830204
0.443145
0.837502
1.12574
1.139
1.3611
1.18376
1.03872
1.16308
1.24587
1.13559
1.01097
0.985728
1.33097
0.782306
1.14316
0.799883
1.3677
1.37879
0.782896
1.08206
1.03097
0.988854
1.38671
0.966726
0.741731
0.682197
1.19618
0.9814
0.846825
0.607771
0.807626
1.71906
1.06648
0.758481
0.905864
1.22214
0.764439
1.284
1.60022
0.729399
1.39293
0.932107
0.748168
0.809505
1.06507
1.02459
0.928517
1.15745
0.682427
1.00343
0.913726
0.665313
0.294229
1.01522
0.703878
0.650305
1.10975
1.20836
0.730829
0.740734
0.800884
1.36716
1.25585
1.17804
1.24254
1.24769
1.04087
1.24677
0.97594
0.820279
1.33285
1.07192
1.51572
1.17204
0.992005
0.650612
0.936854
1.15622
0.968304
1.29258
0.59077
1.53596
0.955078
1.03043
1.08776
1.05758
0.73886
1.16354
1.05454
1.03951
0.74834
1.40875
0.921206
1.3588
1.20032
0.994189
0.938184
0.523086
1.1701
1.15376
1.02158
0.970358
0.590752
0.922756
0.828982
1.14687
1.1424
0.884946
1.32971
1.26768
1.1344
0.920168
1.05206
1.49456
1.1115
1.24367
0.831233
0.985704
0.853971
1.09948
0.990497
0.742652
1.13483
0.820381
0.991316
1.29741
1.02708
1.02456
1.27407
1.25112
1.26576
1.34119
1.13974
1.26767
1.17834
0.686746
0.877621
0.941907
1.05261
1.68319
0.720973
0.751737
1.05977
1.14269
1.16031
0.929509
0.815468
0.551439
0.975378
1.13732
0.745507
0.941161
0.913532
0.735713
1.06168
0.880011
1.23215
0.747455
1.33806
0.788927
1.00296
1.33154
0.779073
1.13412
1.02351
1.2002
0.992097
0.975404
0.979608
0.902521
0.901679
0.864042
0.817708
1.18434
0.946253
0.446014
0.45398
1.34269
1.04739
1.4489
0.650977
0.975737
0.683688
1.27306
1.21993
1.13447
1.09687
1.32324
0.450991
0.903805
1.02726
1.54502
0.77472
1.05812
0.680694
0.950091
0.845436
1.0311
1.01486
0.726031
1.32447
0.683685
0.567345
1.49454
0.701665
0.984766
0.685818
0.814931
1.59379
1.048
1.21071
0.778511
0.757917
1.2733
1.18663
0.857315
0.633687
0.975077
0.903066
0.772427
1.13977
1.31078
0.74519
0.873999
1.11126
1.16595
1.44893
1.17295
0.97147
0.502731
1.42929
1.08188
0.980312
0.917794
0.532391
1.49061
0.702847
1.07472
0.95016
1.24136
0.805768
1.13474
1.25061
0.884331
1.53704
1.3905
1.03368
0.957447
1.23609
1.01179
1.36219
0.791749
1.03655
0.665428
1.17098
1.01487
0.513784
1.0639
0.944921
1.11785
1.42543
0.768843
0.839913
0.965635
0.855207
0.84406
0.802094
1.19273
1.10455
1.36831
0.609636
1.03292
0.972625
0.670402
1.06963
0.752316
1.14799
0.791837
1.12932
1.21902
0.50919
1.08463
1.12157
1.09253
0.513938
1.15108
0.954332
1.03183
1.17811
0.599844
0.714921
0.53645
0.929365
0.776509
1.22638
1.48644
0.759163
1.7047
0.584628
0.907716
1.11456
0.86148
0.947115
0.971753
0.955392
0.910805
1.05179
1.08256
0.819995
0.988648
0.861976
1.3238
0.812887
1.07962
1.18754
1.33532
1.32662
1.33189
1.08644
1.08925
0.890708
0.708497
1.02109
0.867315
0.738314
1.14521
1.39097
0.529716
0.800755
1.01519
0.961156
0.936799
1.03191
1.1979
1.17189
0.954597
0.857065
0.765995
1.19502
0.737134
1.03834
1.05864
1.09393
1.14577
0.758794
1.16414
0.840054
0.827179
1.33041
1.08877
1.54066
1.36001
1.29164
1.02239
1.10317
0.680044
1.22597
0.539146
0.684957
1.31678
1.23726
0.934309
1.03716
0.75363
0.534457
0.704574
0.640744
0.933686
0.597933
0.636186
0.979615
0.557462
1.22985
1.11473
0.583914
0.726772
0.888085
1.25726
0.907157
0.808873
1.18512
1.06915
1.0444
1.01697
0.622219
0.968043
0.521402
0.691328
0.479912
1.17176
0.852809
0.802631
1.04313
1.13726
0.848112
1.0333
1.06145
1.24971
1.18818
0.989925
1.19403
0.61361
0.724862
0.689173
1.22904
0.863967
1.12978
1.00073
0.963545
1.05026
1.06495
0.927378
0.372963
0.916837
1.29589
0.879214
1.06722
1.08222
0.569822
1.26507
1.10787
1.01791
0.725526
1.00374
1.03454
1.28327
0.923497
0.894434
1.25164
0.972044
1.02121
1.10703
0.756002
1.38755
0.724618
0.827948
1.10641
1.29612
0.749279
1.09754
1.02222
1.15794
0.91395
1.1459
1.2699
0.923101
1.35628
0.99233
1.26951
0.630691
1.08062
0.94087
1.27247
1.06929
0.977087
0.922527
1.44489
1.21753
0.670759
1.24782
1.13352
0.604616
1.08306
1.21715
1.18098
0.853951
1.29124
1.42572
1.64821
0.975335
0.923801
1.55618
0.807725
1.23841
0.973146
1.05947
1.00372
1.0741
0.826616
0.759196
0.878261
0.643506
1.05734
0.926651
0.660872
0.851656
0.646205
0.921122
1.07095
1.29348
0.839244
1.11665
1.17637
1.22793
1.371
1.47665
0.50451
1.29379
0.950971
0.58883
1.04855
0.741659
0.928227
1.21314
1.13839
1.18433
1.07712
1.69636
1.16422
1.14725
0.819418
1.26643
0.909887
1.08233
1.60578
1.36955
1.19765
1.15709
0.818137
0.810896
0.969058
1.15745
0.846989
1.50652
1.33136
1.34594
1.07299
1.08896
1.43902
1.05608
0.48331
1.24717
0.774641
1.10882
0.895436
0.818358
0.982559
1.06629
0.834764
0.905341
0.59709
1.14527
1.32161
1.11806
0.929509
0.974987
1.02901
1.23478
1.48219
1.00459
1.06997
0.96446
0.980737
0.708969
0.867621
1.31763
1.32415
0.860172
0.976209
0.862407
1.01719
0.980972
1.19876
1.13743
1.02835
1.30619
0.572418
0.434991
1.0092
0.855478
0.813523
1.05359
0.936909
0.297689
1.06955
0.997436
0.870163
0.76796
0.837975
1.26182
0.789507
1.39006
0.823794
0.807366
0.531623
0.884548
1.27067
1.23717
0.953545
0.468986
0.944342
0.909892
1.17967
1.05232
0.69242
1.08553
0.522437
1.14785
0.939608
1.29827
0.859891
0.596946
0.948882
0.808344
0.757901
1.07256
0.354388
0.807375
1.0646
0.933667
1.02356
0.569812
1.5049
1.12406
0.848356
0.890328
0.667831
1.39293
0.492474
1.07501
1.28575
0.735359
0.704565
1.02046
1.60999
1.42503
1.22526
0.935921
0.571872
0.938717
1.26741
0.760133
1.42589
1.17145
1.03253
0.9305
0.911011
0.833062
0.898511
1.48288
1.05886
1.02197
1.03388
0.946532
1.17931
1.20537
0.540485
1.11754
0.870975
0.732775
1.07722
0.97145
1.04894
0.879803
0.838301
1.31115
Rank 1, Local Sum = 1884.05
1.02579
0.741718
0.894104
1.14637
1.11998
0.900687
0.836125
0.935653
1.00579
0.925735
0.898638
1.08605
1.02134
0.72172
0.779868
1.03788
1.17579
1.44429
0.758476
0.679052
0.558482
1.28025
1.30533
0.67428
0.909025
1.09539
0.841479
1.32081
0.864012
1.03539
0.773987
0.987309
1.05933
0.932241
0.798155
1.05132
0.943664
1.06795
1.30629
1.125
0.876005
0.875917
1.15925
0.673986
0.987277
1.21257
0.962879
1.33957
1.22777
0.735588
0.993613
0.627836
1.24096
1.19984
0.793853
1.33349
1.00198
0.690629
1.1387
0.878415
1.2124
0.972275
0.947052
1.01725
0.955653
1.19277
1.25627
1.13257
1.07609
1.11625
1.47742
0.986049
1.00406
1.0441
0.360387
0.860285
1.33286
1.18013
0.803171
0.812846
1.5284
0.901697
0.821463
0.719393
0.802679
0.982446
0.853108
1.22909
0.738444
1.2292
0.811898
0.601878
0.879643
0.742398
1.02031
1.15283
1.26821
0.753144
1.11158
1.05121
0.962296
0.950883
1.22318
0.822775
1.03205
0.425827
1.0376
1.13598
0.876507
1.06779
1.07395
0.939753
1.28572
1.51765
1.46104
1.23478
0.977135
0.669274
1.08917
1.1767
0.935592
0.794898
1.39119
1.41373
1.12118
1.1325
1.21048
1.07827
1.22053
1.02247
1.0142
1.24325
0.742483
1.05675
1.08009
0.538757
1.05373
1.06293
1.49767
0.778851
1.13278
1.17944
1.05824
0.683335
0.667882
1.06278
0.664561
0.918401
1.39097
0.720092
0.498756
0.861173
0.873114
0.514151
0.975872
0.739488
1.22117
1.13064
1.10319
0.809502
1.03834
0.832198
1.35031
1.17519
0.543857
1.45806
1.16329
1.05481
0.94202
0.976028
0.873102
0.588783
1.01774
0.909639
1.07309
0.822712
0.925867
1.02831
0.958834
0.992822
1.20407
1.3191
0.740735
1.28015
1.23847
1.01546
1.10075
0.856007
1.00626
1.241
1.30493
0.901515
1.04489
0.809063
0.941662
1.29231
1.17076
1.07435
0.635146
1.44853
1.36207
1.16865
1.03686
1.03904
0.626067
0.856811
1.2974
1.12269
0.584531
1.34245
1.38643
1.27722
0.645205
0.981001
0.546089
1.28802
1.01599
1.3372
1.14315
1.11724
1.05417
0.617867
0.648085
1.29015
1.09222
1.50477
1.13729
0.534028
0.991451
1.3233
0.803691
0.625864
0.982609
1.33352
1.16491
1.05107
1.25677
0.564635
1.17396
1.2751
1.01504
0.935303
0.825121
1.07959
1.06612
1.36082
0.892019
0.92627
0.815035
0.831876
0.722366
0.721719
1.04413
0.958058
0.567424
0.829166
0.850959
1.0508
1.23178
1.17114
1.36471
0.733237
0.865988
1.03061
0.575457
0.816371
1.61545
1.05369
1.11087
1.1123
0.428926
1.07727
1.14972
0.967761
1.38743
0.728089
1.02282
0.910978
1.14482
0.731495
1.07359
1.13351
1.10479
1.1793
0.585008
0.825433
1.55296
1.0505
1.06247
1.25481
0.822536
0.620019
0.866973
1.10759
0.923774
1.11383
1.13204
0.800118
0.752668
1.09331
1.2327
0.730482
0.593131
0.888609
1.11511
0.785614
0.84698
0.778868
1.43965
0.793123
1.06668
0.930424
1.02593
0.878664
0.522662
1.58072
0.628135
1.16111
0.673371
0.957616
0.720094
1.26297
1.21173
1.14238
1.1042
0.794022
1.30142
1.18254
0.583721
0.834784
0.626302
0.79485
0.560259
0.675507
0.434346
0.938256
0.76513
1.46132
1.07412
0.668964
1.06527
0.80897
0.353571
1.48327
0.744487
1.01607
0.495831
1.22862
0.622459
0.803972
0.497325
0.478505
1.19184
0.879803
0.954729
0.711469
0.908161
0.593236
0.831294
0.8562
1.13343
0.970719
1.47173
1.02207
1.38376
0.923012
0.791012
0.725838
0.623352
1.09387
0.722343
1.10514
1.33134
1.13178
1.09524
1.21044
1.2152
0.813009
1.04998
0.999119
1.0991
0.845831
0.946023
0.537471
1.43639
1.15508
0.86639
1.30767
1.23922
1.04263
0.894305
0.532203
1.1891
1.41905
1.21401
0.616796
1.22667
1.26173
0.881346
1.17244
0.959659
1.07399
1.15194
1.1239
1.17657
0.998327
1.31107
1.02389
0.820255
1.05615
1.05835
1.59953
0.653751
0.635919
0.967074
1.20321
1.02039
0.720883
1.16511
1.24541
0.752579
0.863164
1.06611
0.893544
0.630694
1.00428
0.918966
0.953649
1.16613
1.4072
1.18841
0.907884
1.17753
0.919328
0.967062
1.28374
1.22014
0.798262
0.778899
1.0251
0.880746
1.37167
1.32883
0.912783
1.14115
1.12715
0.905873
1.16317
0.733465
1.04454
0.879618
1.42774
0.782042
0.663341
1.02176
0.925762
1.19496
1.20796
1.05888
0.843413
1.5224
0.686683
0.73087
0.92066
0.834217
1.0363
1.05184
0.856375
1.15439
1.09439
0.590118
1.16009
1.58794
1.08939
1.05826
1.1254
1.17745
0.85424
1.1062
0.894658
0.691269
0.882419
1.12336
1.19743
0.593332
1.21352
1.30738
1.45356
0.757828
1.01689
1.40189
0.441377
1.34694
1.31241
0.832153
0.533968
1.07313
1.04367
1.40572
1.12482
0.85642
0.77063
1.217
1.0044
0.940699
1.13796
0.855456
0.750176
1.07066
1.05482
1.10432
1.04882
1.22769
0.989743
0.998701
1.46595
0.799745
1.2732
1.07461
1.00209
0.939791
1.3831
1.20331
0.868444
0.694
0.866423
1.11675
1.44526
1.10877
0.776323
1.21347
0.595506
1.13471
0.818017
1.24459
1.05275
1.33074
0.906291
0.918215
1.07209
1.08756
1.30009
1.17927
0.966649
0.858389
0.550294
0.910272
1.31342
0.883009
0.957958
0.4379
1.32296
0.92905
0.584169
0.867377
1.10296
0.863191
1.16241
0.855543
1.02656
0.814322
1.17749
0.961085
1.10948
0.751566
1.10889
1.03679
1.08207
0.659307
0.686374
1.03295
0.959589
0.569474
1.55433
0.625317
0.931531
0.558613
1.20187
0.884335
1.10298
0.920864
0.576644
0.297223
0.550678
1.13321
0.876456
1.4391
1.15214
0.725858
0.845433
0.852464
1.57201
1.02729
0.954453
1.0946
1.46904
0.968005
1.157
1.30791
0.371563
1.37119
0.694409
0.944725
0.730587
1.28162
1.10416
0.855784
0.941735
0.92074
1.36338
0.836825
1.03675
0.795149
1.08582
0.681702
0.738423
1.10023
1.03103
1.34971
0.851656
0.786328
0.959978
0.900615
1.23072
0.736879
1.34271
1.08988
1.19177
0.912486
1.08534
0.667952
1.14293
1.17976
1.79043
1.55101
0.909032
0.909149
0.725901
1.17479
0.743178
1.32761
1.22131
1.20802
0.763737
1.25005
0.873383
1.4696
1.13835
1.0739
0.968353
0.725377
0.597549
0.815119
1.29325
1.44558
1.24719
0.890247
0.871549
0.807041
0.831134
1.1269
1.08217
0.945269
0.552344
1.15426
1.04007
1.09938
1.23145
0.712903
1.34207
0.938955
1.22582
1.51142
0.923135
0.807597
1.21941
1.12967
0.684441
1.32181
1.0879
1.16264
0.62451
0.949134
1.27573
1.23288
1.23475
1.27222
0.941266
1.37564
1.09597
0.867192
0.895884
1.69518
0.961231
0.935825
1.30682
0.674877
0.878934
0.879187
1.13195
1.13301
0.846315
0.944983
0.967529
1.18038
0.790331
0.872745
1.16087
1.14368
1.143
1.2503
1.04923
1.32856
0.891105
0.85185
0.811566
1.22184
1.07886
1.02746
1.21056
0.828097
0.943275
1.3654
0.56686
1.26746
1.31475
1.1336
0.44932
1.03434
1.1921
1.4209
1.0797
0.955765
0.84448
0.910919
0.536084
1.06084
1.15152
1.23704
1.45541
1.02526
1.33144
1.46372
0.909573
1.11096
0.835027
1.20926
0.824688
1.11586
0.794431
1.11836
0.741474
0.711897
1.0536
0.924226
1.11611
1.37786
1.02856
1.05563
1.0881
0.74739
1.08354
0.882872
0.736678
0.872323
1.02604
1.28261
1.0555
0.763638
0.991847
0.746734
0.766579
1.13938
0.760496
0.924805
1.18899
0.441325
1.10452
1.10994
1.18271
0.759716
0.891067
1.12727
0.807114
1.32067
1.19873
Rank 0, Local Sum = 2085.46
Rank 1, Global Sum = 3969.51
Rank 0, Global Sum = 3969.51

Oncoprotein summary: 
===================
mean: 1.00164
standard deviation: 0.248707
[min max]: [0.205535 1.79043]

Using PhysiCell version 1.6.1
	Please cite DOI: 10.1371/journal.pcbi.1005991
	Project website: http://PhysiCell.MathCancer.org

See ALL_CITATIONS.txt for this list.
current simulated time: 0 min (max: 720 min)
total agents: 1884
interval wall time: 0 days, 0 hours, 0 minutes, and 1.2829e-05 seconds 
total wall time: 0 days, 0 hours, 0 minutes, and 1.7908e-05 seconds 

Using PhysiCell version 1.6.1
	Please cite DOI: 10.1371/journal.pcbi.1005991
	Project website: http://PhysiCell.MathCancer.org

See ALL_CITATIONS.txt for this list.
current simulated time: 0 min (max: 720 min)
total agents: 2079
interval wall time: 0 days, 0 hours, 0 minutes, and 1.0512e-05 seconds 
total wall time: 0 days, 0 hours, 0 minutes, and 1.594e-05 seconds 


Using method diffusion_decay_solver__constant_coefficients_LOD_3D (implicit 3-D LOD with Thomas Algorithm) ... 

current simulated time: 120 min (max: 720 min)
total agents: 1884
interval wall time: 0 days, 0 hours, 0 minutes, and 8.66843 seconds 
total wall time: 0 days, 0 hours, 0 minutes, and 8.66845 seconds 

current simulated time: 120 min (max: 720 min)
total agents: 2079
interval wall time: 0 days, 0 hours, 0 minutes, and 8.66766 seconds 
total wall time: 0 days, 0 hours, 0 minutes, and 8.66768 seconds 

current simulated time: 240 min (max: 720 min)
total agents: 1884
interval wall time: 0 days, 0 hours, 0 minutes, and 8.66808 seconds 
total wall time: 0 days, 0 hours, 0 minutes, and 17.3365 seconds 

current simulated time: 240 min (max: 720 min)
total agents: 2079
interval wall time: 0 days, 0 hours, 0 minutes, and 8.66808 seconds 
total wall time: 0 days, 0 hours, 0 minutes, and 17.3358 seconds 

current simulated time: 360 min (max: 720 min)
total agents: 1884
interval wall time: 0 days, 0 hours, 0 minutes, and 8.6781 seconds 
total wall time: 0 days, 0 hours, 0 minutes, and 26.0146 seconds 

current simulated time: 360 min (max: 720 min)
total agents: 2079
interval wall time: 0 days, 0 hours, 0 minutes, and 8.6781 seconds 
total wall time: 0 days, 0 hours, 0 minutes, and 26.0139 seconds 

current simulated time: 480 min (max: 720 min)
total agents: 1884
interval wall time: 0 days, 0 hours, 0 minutes, and 8.67273 seconds 
total wall time: 0 days, 0 hours, 0 minutes, and 34.6874 seconds 

current simulated time: 480 min (max: 720 min)
total agents: 2079
interval wall time: 0 days, 0 hours, 0 minutes, and 8.67273 seconds 
total wall time: 0 days, 0 hours, 0 minutes, and 34.6866 seconds 

current simulated time: 600 min (max: 720 min)
total agents: 1884
interval wall time: 0 days, 0 hours, 0 minutes, and 8.66834 seconds 
total wall time: 0 days, 0 hours, 0 minutes, and 43.3557 seconds 

current simulated time: 600 min (max: 720 min)
total agents: 2079
interval wall time: 0 days, 0 hours, 0 minutes, and 8.66834 seconds 
total wall time: 0 days, 0 hours, 0 minutes, and 43.3549 seconds 

current simulated time: 720 min (max: 720 min)
total agents: 1884
interval wall time: 0 days, 0 hours, 0 minutes, and 8.66743 seconds 
total wall time: 0 days, 0 hours, 0 minutes, and 52.0232 seconds 

current simulated time: 720 min (max: 720 min)
total agents: 2079
interval wall time: 0 days, 0 hours, 0 minutes, and 8.66743 seconds 
total wall time: 0 days, 0 hours, 0 minutes, and 52.0224 seconds 


Total simulation runtime: 

Total simulation runtime: 
0 days, 0 hours, 0 minutes, and 52.0331 seconds 0 days, 0 hours, 0 minutes, and 52.0333 seconds 