%% Automatically generated initial file with PhysiCell_CreateInitFile executable
0;0;-27.58;13.6502;-288.98;9.74026;-1;-1;-1;-1;-1;-1;0;0;0;-1
0;0;-12.3431;6.01975;-289.629;11.6131;-1;-1;-1;-1;-1;-1;0;0;0;-1
0;0;-11.6763;23.2513;-288.981;11.6436;-1;-1;-1;-1;-1;-1;0;0;0;-1
0;0;4.38475;-3.05626;-290.128;11.0114;-1;-1;-1;-1;-1;-1;0;0;0;-1
0;0;5.92876;10.8142;-290.351;10.2678;-1;-1;-1;-1;-1;-1;0;0;0;-1
0;0;20.9554;3.48227;-289.694;11.4572;-1;-1;-1;-1;-1;-1;0;0;0;-1
0;0;20.7559;21.1663;-289.214;11.4277;-1;-1;-1;-1;-1;-1;0;0;0;-1
0;0;-89.9814;-22.8249;-271.819;11.4868;-1;-1;-1;-1;-1;-1;0;0;0;-1
0;0;-90.9441;-6.6143;-272.811;10.284;-1;-1;-1;-1;-1;-1;0;0;0;-1
0;0;-89.3885;15.1376;-274.594;11.1069;-1;-1;-1;-1;-1;-1;0;0;0;-1
0;0;-87.7803;32.8337;-272.952;9.85951;-1;-1;-1;-1;-1;-1;0;0;0;-1
0;0;-74.3674;-54.4527;-275.202;10.5976;-1;-1;-1;-1;-1;-1;0;0;0;-1
0;0;-73.6433;-32.6391;-274.567;9.53167;-1;-1;-1;-1;-1;-1;0;0;0;-1
0;0;-70.8445;-14.645;-273.313;9.65047;-1;-1;-1;-1;-1;-1;0;0;0;-1
0;0;-73.9183;3.62583;-274.92;10.9614;-1;-1;-1;-1;-1;-1;0;0;0;-1
0;0;-70.8429;21.0076;-274.576;10.8203;-1;-1;-1;-1;-1;-1;0;0;0;-1
0;0;-71.9684;39.3844;-275.066;9.65358;-1;-1;-1;-1;-1;-1;0;0;0;-1
0;0;-54.3253;-82.1545;-273.522;10.8447;-1;-1;-1;-1;-1;-1;0;0;0;-1
0;0;-53.2981;-64.509;-275.101;10.7957;-1;-1;-1;-1;-1;-1;0;0;0;-1
0;0;-57.4586;-42.1159;-275.264;10.1621;-1;-1;-1;-1;-1;-1;0;0;0;-1
0;0;-57.6253;-21.8945;-276.447;10.1863;-1;-1;-1;-1;-1;-1;0;0;0;-1
0;0;-55.9944;-4.06502;-273.768;11.2541;-1;-1;-1;-1;-1;-1;0;0;0;-1
0;0;-53.2114;11.9694;-272.813;10.2369;-1;-1;-1;-1;-1;-1;0;0;0;-1
0;0;-54.6587;32.6262;-273.076;9.90901;-1;-1;-1;-1;-1;-1;0;0;0;-1
0;0;-53.7023;50.3154;-274.884;10.7369;-1;-1;-1;-1;-1;-1;0;0;0;-1
0;0;-57.0696;73.1146;-274.576;9.73613;-1;-1;-1;-1;-1;-1;0;0;0;-1
0;0;-38.6394;-69.4237;-273.196;10.026;-1;-1;-1;-1;-1;-1;0;0;0;-1
0;0;-38.5916;-53.966;-276.169;10.6533;-1;-1;-1;-1;-1;-1;0;0;0;-1
0;0;-39.296;-35.1963;-273.685;11.4969;-1;-1;-1;-1;-1;-1;0;0;0;-1
0;0;-41.5818;-17.199;-271.895;9.57494;-1;-1;-1;-1;-1;-1;0;0;0;-1
0;0;-37.3278;4.68387;-274.812;11.3535;-1;-1;-1;-1;-1;-1;0;0;0;-1
0;0;-39.5333;23.1994;-275.555;10.1387;-1;-1;-1;-1;-1;-1;0;0;0;-1
0;0;-40.3016;44.5057;-275.433;11.005;-1;-1;-1;-1;-1;-1;0;0;0;-1
0;0;-38.3707;61.2482;-276.726;11.3279;-1;-1;-1;-1;-1;-1;0;0;0;-1
0;0;-40.9739;78.6771;-274.592;10.378;-1;-1;-1;-1;-1;-1;0;0;0;-1
0;0;-22.8584;-80.8446;-275.898;9.55916;-1;-1;-1;-1;-1;-1;0;0;0;-1
0;0;-21.0904;-61.7691;-275.766;10.6212;-1;-1;-1;-1;-1;-1;0;0;0;-1
0;0;-21.4692;-41.1803;-272.921;9.63659;-1;-1;-1;-1;-1;-1;0;0;0;-1
0;0;-21.7484;-25.2458;-274.301;9.76939;-1;-1;-1;-1;-1;-1;0;0;0;-1
0;0;-24.711;-4.53907;-273.88;9.91654;-1;-1;-1;-1;-1;-1;0;0;0;-1
0;0;-21.4412;15.2211;-274.187;10.369;-1;-1;-1;-1;-1;-1;0;0;0;-1
0;0;-24.8101;32.8594;-276.368;9.84133;-1;-1;-1;-1;-1;-1;0;0;0;-1
0;0;-20.821;50.2455;-274.521;11.2424;-1;-1;-1;-1;-1;-1;0;0;0;-1
0;0;-20.5642;69.5219;-275.783;9.5532;-1;-1;-1;-1;-1;-1;0;0;0;-1
0;0;-22.6396;88.4737;-274.498;10.3925;-1;-1;-1;-1;-1;-1;0;0;0;-1
0;0;-7.82263;-72.536;-275.644;11.6691;-1;-1;-1;-1;-1;-1;0;0;0;-1
0;0;-7.95121;-54.2091;-275.858;9.65306;-1;-1;-1;-1;-1;-1;0;0;0;-1
0;0;-4.83165;-33.0936;-273.561;10.3627;-1;-1;-1;-1;-1;-1;0;0;0;-1
0;0;-7.47501;-14.5974;-272.808;10.6446;-1;-1;-1;-1;-1;-1;0;0;0;-1
0;0;-7.73159;1.588;-274.862;11.2403;-1;-1;-1;-1;-1;-1;0;0;0;-1
0;0;-5.40665;21.0685;-275.496;9.93512;-1;-1;-1;-1;-1;-1;0;0;0;-1
0;0;-7.58327;41.502;-276.313;9.90465;-1;-1;-1;-1;-1;-1;0;0;0;-1
0;0;-5.94572;62.1929;-274.64;11.2732;-1;-1;-1;-1;-1;-1;0;0;0;-1
0;0;-5.89515;77.2141;-273.135;10.673;-1;-1;-1;-1;-1;-1;0;0;0;-1
0;0;-6.41293;96.1064;-273.512;9.60539;-1;-1;-1;-1;-1;-1;0;0;0;-1
0;0;10.5157;-82.887;-271.856;11.1193;-1;-1;-1;-1;-1;-1;0;0;0;-1
0;0;12.1389;-63.0015;-272.274;10.7424;-1;-1;-1;-1;-1;-1;0;0;0;-1
0;0;8.74245;-42.2633;-275.318;11.675;-1;-1;-1;-1;-1;-1;0;0;0;-1
0;0;10.927;-23.5085;-275.452;10.5092;-1;-1;-1;-1;-1;-1;0;0;0;-1
0;0;9.10545;-5.01575;-272.919;10.4976;-1;-1;-1;-1;-1;-1;0;0;0;-1
0;0;10.0925;14.4842;-272.008;11.0216;-1;-1;-1;-1;-1;-1;0;0;0;-1
0;0;10.7188;30.8956;-273.526;10.3072;-1;-1;-1;-1;-1;-1;0;0;0;-1
0;0;8.44531;53.4545;-273.408;11.6244;-1;-1;-1;-1;-1;-1;0;0;0;-1
0;0;8.32944;67.4246;-276.244;11.0567;-1;-1;-1;-1;-1;-1;0;0;0;-1
0;0;8.62473;86.4346;-272.106;10.3536;-1;-1;-1;-1;-1;-1;0;0;0;-1
0;0;26.5234;-91.2194;-272.792;10.9695;-1;-1;-1;-1;-1;-1;0;0;0;-1
0;0;26.8356;-74.9924;-272.259;10.8416;-1;-1;-1;-1;-1;-1;0;0;0;-1
0;0;25.279;-55.3738;-272.567;10.5599;-1;-1;-1;-1;-1;-1;0;0;0;-1
0;0;25.271;-35.1004;-274.08;11.3333;-1;-1;-1;-1;-1;-1;0;0;0;-1
0;0;26.6372;-17.1707;-273.582;10.849;-1;-1;-1;-1;-1;-1;0;0;0;-1
0;0;25.6608;4.02484;-275.235;9.88052;-1;-1;-1;-1;-1;-1;0;0;0;-1
0;0;25.2523;21.8645;-274.863;10.3981;-1;-1;-1;-1;-1;-1;0;0;0;-1
0;0;28.3427;44.4344;-276.187;10.4646;-1;-1;-1;-1;-1;-1;0;0;0;-1
0;0;28.005;60.3817;-273.34;10.915;-1;-1;-1;-1;-1;-1;0;0;0;-1
0;0;28.9782;81.9829;-272.968;10.5724;-1;-1;-1;-1;-1;-1;0;0;0;-1
0;0;41.1902;-82.1634;-273.767;9.99489;-1;-1;-1;-1;-1;-1;0;0;0;-1
0;0;43.7044;-59.9722;-274.891;9.94911;-1;-1;-1;-1;-1;-1;0;0;0;-1
0;0;44.0924;-44.2681;-273.117;11.6346;-1;-1;-1;-1;-1;-1;0;0;0;-1
0;0;43.6345;-23.6104;-275.904;9.57623;-1;-1;-1;-1;-1;-1;0;0;0;-1
0;0;42.1473;-5.80148;-274.938;9.91763;-1;-1;-1;-1;-1;-1;0;0;0;-1
0;0;44.7898;15.2871;-274.858;10.2962;-1;-1;-1;-1;-1;-1;0;0;0;-1
0;0;43.9918;33.81;-275.735;10.7131;-1;-1;-1;-1;-1;-1;0;0;0;-1
0;0;45.1574;50.3568;-272.643;10.9525;-1;-1;-1;-1;-1;-1;0;0;0;-1
0;0;42.7885;71.8456;-272.669;10.3652;-1;-1;-1;-1;-1;-1;0;0;0;-1
0;0;45.2075;89.8823;-272.228;9.63639;-1;-1;-1;-1;-1;-1;0;0;0;-1
0;0;59.5535;-54.0104;-272.487;9.64852;-1;-1;-1;-1;-1;-1;0;0;0;-1
0;0;57.6042;-33.4793;-274.156;11.2256;-1;-1;-1;-1;-1;-1;0;0;0;-1
0;0;60.5395;-13.3446;-274.91;11.628;-1;-1;-1;-1;-1;-1;0;0;0;-1
0;0;59.6233;2.98227;-271.948;9.77212;-1;-1;-1;-1;-1;-1;0;0;0;-1
0;0;59.4839;23.521;-276.004;10.5856;-1;-1;-1;-1;-1;-1;0;0;0;-1
0;0;57.3511;44.35;-275.076;9.74979;-1;-1;-1;-1;-1;-1;0;0;0;-1
0;0;58.931;58.6449;-276.162;10.9253;-1;-1;-1;-1;-1;-1;0;0;0;-1
0;0;57.2371;81.1219;-272.109;9.57805;-1;-1;-1;-1;-1;-1;0;0;0;-1
0;0;73.7844;-61.3066;-272.735;11.5122;-1;-1;-1;-1;-1;-1;0;0;0;-1
0;0;74.6386;-41.5345;-274.151;10.6768;-1;-1;-1;-1;-1;-1;0;0;0;-1
0;0;75.2506;-22.2535;-273.028;9.55848;-1;-1;-1;-1;-1;-1;0;0;0;-1
0;0;76.1127;-5.12158;-273.531;9.87534;-1;-1;-1;-1;-1;-1;0;0;0;-1
0;0;76.2279;12.8593;-273.668;9.76638;-1;-1;-1;-1;-1;-1;0;0;0;-1
0;0;78.4461;33.1173;-275.531;11.2677;-1;-1;-1;-1;-1;-1;0;0;0;-1
0;0;76.7057;52.2735;-275.091;11.5599;-1;-1;-1;-1;-1;-1;0;0;0;-1
0;0;92.0253;3.8082;-275.053;11.0658;-1;-1;-1;-1;-1;-1;0;0;0;-1
0;0;-127.941;-42.7016;-255.516;10.1137;-1;-1;-1;-1;-1;-1;0;0;0;-1
0;0;-124.953;-27.3038;-259.263;10.6538;-1;-1;-1;-1;-1;-1;0;0;0;-1
0;0;-127.592;-8.07044;-258.809;11.0185;-1;-1;-1;-1;-1;-1;0;0;0;-1
0;0;-124.347;10.451;-259.285;11.1123;-1;-1;-1;-1;-1;-1;0;0;0;-1
0;0;-126.895;32.429;-258.671;9.94338;-1;-1;-1;-1;-1;-1;0;0;0;-1
0;0;-125.42;50.3432;-256.771;11.5453;-1;-1;-1;-1;-1;-1;0;0;0;-1
0;0;-111.293;-74.4362;-257.518;10.2233;-1;-1;-1;-1;-1;-1;0;0;0;-1
0;0;-110.494;-53.9519;-258.499;11.1165;-1;-1;-1;-1;-1;-1;0;0;0;-1
0;0;-110.716;-32.3376;-255.631;9.69739;-1;-1;-1;-1;-1;-1;0;0;0;-1
0;0;-108.012;-14.9372;-255.788;11.0597;-1;-1;-1;-1;-1;-1;0;0;0;-1
0;0;-107.854;2.16214;-259.648;10.1241;-1;-1;-1;-1;-1;-1;0;0;0;-1
0;0;-107.441;23.7288;-258.265;11.2366;-1;-1;-1;-1;-1;-1;0;0;0;-1
0;0;-108.626;41.9549;-258.452;10.5375;-1;-1;-1;-1;-1;-1;0;0;0;-1
0;0;-109.476;63.4857;-256.649;11.0958;-1;-1;-1;-1;-1;-1;0;0;0;-1
0;0;-91.7533;-81.7485;-259.066;10.7103;-1;-1;-1;-1;-1;-1;0;0;0;-1
0;0;-93.3573;-60.5425;-256.419;10.9368;-1;-1;-1;-1;-1;-1;0;0;0;-1
0;0;-92.98;-46.0603;-259.606;10.1566;-1;-1;-1;-1;-1;-1;0;0;0;-1
0;0;-93.1744;-23.6368;-259.264;10.1284;-1;-1;-1;-1;-1;-1;0;0;0;-1
0;0;-92.1642;-4.97771;-258.559;10.5193;-1;-1;-1;-1;-1;-1;0;0;0;-1
0;0;-92.0339;16.0492;-256.666;10.0038;-1;-1;-1;-1;-1;-1;0;0;0;-1
0;0;-93.514;33.1637;-258.612;11.5172;-1;-1;-1;-1;-1;-1;0;0;0;-1
0;0;-93.1823;49.1141;-258.132;10.5321;-1;-1;-1;-1;-1;-1;0;0;0;-1
0;0;-93.4311;70.3341;-258.21;9.70673;-1;-1;-1;-1;-1;-1;0;0;0;-1
0;0;-93.4894;91.4487;-256.973;10.9473;-1;-1;-1;-1;-1;-1;0;0;0;-1
0;0;-74.433;-90.7677;-258.882;10.7538;-1;-1;-1;-1;-1;-1;0;0;0;-1
0;0;-74.8697;-70.6407;-259.53;10.837;-1;-1;-1;-1;-1;-1;0;0;0;-1
0;0;-75.7646;-53.1655;-256.983;11.6039;-1;-1;-1;-1;-1;-1;0;0;0;-1
0;0;-78.8125;-34.3394;-258.613;10.0591;-1;-1;-1;-1;-1;-1;0;0;0;-1
0;0;-75.5799;-13.9859;-255.603;9.95433;-1;-1;-1;-1;-1;-1;0;0;0;-1
0;0;-75.6668;1.5153;-256.276;10.9127;-1;-1;-1;-1;-1;-1;0;0;0;-1
0;0;-75.1647;21.8126;-258.971;11.1256;-1;-1;-1;-1;-1;-1;0;0;0;-1
0;0;-76.7016;43.5728;-258.068;10.6805;-1;-1;-1;-1;-1;-1;0;0;0;-1
0;0;-76.1738;62.1264;-258.64;9.76065;-1;-1;-1;-1;-1;-1;0;0;0;-1
0;0;-78.1696;81.9991;-257.207;9.97813;-1;-1;-1;-1;-1;-1;0;0;0;-1
0;0;-77.6943;98.0545;-256.427;10.1304;-1;-1;-1;-1;-1;-1;0;0;0;-1
0;0;-61.8089;-118.338;-255.672;10.4545;-1;-1;-1;-1;-1;-1;0;0;0;-1
0;0;-58.6898;-98.0203;-256.473;9.75905;-1;-1;-1;-1;-1;-1;0;0;0;-1
0;0;-60.0299;-79.1077;-256.04;9.76501;-1;-1;-1;-1;-1;-1;0;0;0;-1
0;0;-61.0734;-62.9164;-259.166;10.4409;-1;-1;-1;-1;-1;-1;0;0;0;-1
0;0;-61.4373;-43.5876;-259.501;10.4114;-1;-1;-1;-1;-1;-1;0;0;0;-1
0;0;-61.8766;-25.1864;-258.348;10.2279;-1;-1;-1;-1;-1;-1;0;0;0;-1
0;0;-61.5333;-7.66477;-260.033;9.74553;-1;-1;-1;-1;-1;-1;0;0;0;-1
0;0;-58.2867;14.1656;-256.484;10.5786;-1;-1;-1;-1;-1;-1;0;0;0;-1
0;0;-62.0194;31.9589;-255.507;10.785;-1;-1;-1;-1;-1;-1;0;0;0;-1
0;0;-58.7735;51.2879;-255.701;9.53548;-1;-1;-1;-1;-1;-1;0;0;0;-1
0;0;-61.6564;67.5433;-255.693;11.5636;-1;-1;-1;-1;-1;-1;0;0;0;-1
0;0;-58.2297;86.546;-257.401;10.3997;-1;-1;-1;-1;-1;-1;0;0;0;-1
0;0;-59.8101;111.053;-257.865;11.2918;-1;-1;-1;-1;-1;-1;0;0;0;-1
0;0;-43.9138;-127.832;-257.205;9.84733;-1;-1;-1;-1;-1;-1;0;0;0;-1
0;0;-45.7028;-112.499;-258.785;11.1876;-1;-1;-1;-1;-1;-1;0;0;0;-1
0;0;-43.8397;-91.7312;-255.899;9.86113;-1;-1;-1;-1;-1;-1;0;0;0;-1
0;0;-42.8782;-73.9675;-258.761;9.80137;-1;-1;-1;-1;-1;-1;0;0;0;-1
0;0;-43.0117;-53.1354;-256.913;9.75927;-1;-1;-1;-1;-1;-1;0;0;0;-1
0;0;-45.493;-33.0398;-259.756;11.1295;-1;-1;-1;-1;-1;-1;0;0;0;-1
0;0;-44.8607;-16.1786;-259.302;11.3192;-1;-1;-1;-1;-1;-1;0;0;0;-1
0;0;-44.8012;4.84901;-255.748;10.9791;-1;-1;-1;-1;-1;-1;0;0;0;-1
0;0;-46.0865;23.123;-258.838;9.68289;-1;-1;-1;-1;-1;-1;0;0;0;-1
0;0;-43.0282;39.002;-256.423;11.6444;-1;-1;-1;-1;-1;-1;0;0;0;-1
0;0;-45.7428;59.4091;-257.106;11.0021;-1;-1;-1;-1;-1;-1;0;0;0;-1
0;0;-45.9581;81.9508;-259.205;10.1182;-1;-1;-1;-1;-1;-1;0;0;0;-1
0;0;-45.408;100.982;-260.114;11.0879;-1;-1;-1;-1;-1;-1;0;0;0;-1
0;0;-42.0308;119.767;-256.283;10.0017;-1;-1;-1;-1;-1;-1;0;0;0;-1
0;0;-29.2612;-119.878;-258.39;10.006;-1;-1;-1;-1;-1;-1;0;0;0;-1
0;0;-27.5929;-99.2146;-258.347;10.8346;-1;-1;-1;-1;-1;-1;0;0;0;-1
0;0;-25.5158;-80.888;-255.548;10.4095;-1;-1;-1;-1;-1;-1;0;0;0;-1
0;0;-25.7652;-62.5751;-256.035;9.57454;-1;-1;-1;-1;-1;-1;0;0;0;-1
0;0;-27.8023;-41.6557;-256.303;11.0168;-1;-1;-1;-1;-1;-1;0;0;0;-1
0;0;-25.2697;-23.4082;-255.86;10.3769;-1;-1;-1;-1;-1;-1;0;0;0;-1
0;0;-29.1478;-6.75851;-259.194;10.8277;-1;-1;-1;-1;-1;-1;0;0;0;-1
0;0;-28.3631;15.8288;-259.14;11.6679;-1;-1;-1;-1;-1;-1;0;0;0;-1
0;0;-28.6167;34.457;-259.91;10.3893;-1;-1;-1;-1;-1;-1;0;0;0;-1
0;0;-26.8647;52.2532;-260.207;9.97008;-1;-1;-1;-1;-1;-1;0;0;0;-1
0;0;-26.3828;70.5119;-259.784;11.0384;-1;-1;-1;-1;-1;-1;0;0;0;-1
0;0;-28.5295;90.8287;-258.694;9.97019;-1;-1;-1;-1;-1;-1;0;0;0;-1
0;0;-29.2072;107.103;-256.468;9.60013;-1;-1;-1;-1;-1;-1;0;0;0;-1
0;0;-26.2677;127.08;-257.008;10.2464;-1;-1;-1;-1;-1;-1;0;0;0;-1
0;0;-10.554;-126.445;-259.147;9.78876;-1;-1;-1;-1;-1;-1;0;0;0;-1
0;0;-12.1079;-109.399;-258.78;10.4094;-1;-1;-1;-1;-1;-1;0;0;0;-1
0;0;-12.8584;-92.7551;-257.661;11.642;-1;-1;-1;-1;-1;-1;0;0;0;-1
0;0;-11.7447;-70.5191;-256.56;11.125;-1;-1;-1;-1;-1;-1;0;0;0;-1
0;0;-13.2405;-52.158;-257.699;10.2208;-1;-1;-1;-1;-1;-1;0;0;0;-1
0;0;-12.6495;-33.8503;-257.958;10.6059;-1;-1;-1;-1;-1;-1;0;0;0;-1
0;0;-9.85159;-15.5383;-258.549;10.481;-1;-1;-1;-1;-1;-1;0;0;0;-1
0;0;-11.3304;5.14242;-257.107;10.1165;-1;-1;-1;-1;-1;-1;0;0;0;-1
0;0;-8.97816;21.9056;-259.948;11.1743;-1;-1;-1;-1;-1;-1;0;0;0;-1
0;0;-10.75;41.4088;-259.073;10.5266;-1;-1;-1;-1;-1;-1;0;0;0;-1
0;0;-12.2209;62.1994;-258.991;11.0942;-1;-1;-1;-1;-1;-1;0;0;0;-1
0;0;-11.3156;77.3846;-258.675;11.1227;-1;-1;-1;-1;-1;-1;0;0;0;-1
0;0;-9.37946;96.9731;-259.505;10.5403;-1;-1;-1;-1;-1;-1;0;0;0;-1
0;0;-11.6214;117.931;-260.174;10.0404;-1;-1;-1;-1;-1;-1;0;0;0;-1
0;0;3.72127;-135.995;-255.548;10.0235;-1;-1;-1;-1;-1;-1;0;0;0;-1
0;0;5.76073;-121.969;-259.123;10.9454;-1;-1;-1;-1;-1;-1;0;0;0;-1
0;0;6.26747;-98.8485;-259.285;11.6311;-1;-1;-1;-1;-1;-1;0;0;0;-1
0;0;5.08652;-81.502;-256.826;10.3503;-1;-1;-1;-1;-1;-1;0;0;0;-1
0;0;6.39057;-61.5057;-256.454;10.0332;-1;-1;-1;-1;-1;-1;0;0;0;-1
0;0;7.85273;-45.9502;-258.047;11.0255;-1;-1;-1;-1;-1;-1;0;0;0;-1
0;0;6.41997;-22.1194;-257.038;9.78891;-1;-1;-1;-1;-1;-1;0;0;0;-1
0;0;7.03546;-4.3123;-259.934;10.2088;-1;-1;-1;-1;-1;-1;0;0;0;-1
0;0;3.08032;13.546;-259.032;10.8882;-1;-1;-1;-1;-1;-1;0;0;0;-1
0;0;3.7362;34.806;-255.823;10.3955;-1;-1;-1;-1;-1;-1;0;0;0;-1
0;0;4.22085;52.2215;-259.652;9.5697;-1;-1;-1;-1;-1;-1;0;0;0;-1
0;0;6.91714;71.7844;-257.545;10.8733;-1;-1;-1;-1;-1;-1;0;0;0;-1
0;0;5.73814;89.994;-258.551;11.1263;-1;-1;-1;-1;-1;-1;0;0;0;-1
0;0;5.95628;108.855;-258.438;11.3456;-1;-1;-1;-1;-1;-1;0;0;0;-1
0;0;7.40771;124.45;-259.562;10.3792;-1;-1;-1;-1;-1;-1;0;0;0;-1
0;0;21.4285;-111.458;-256.53;9.87326;-1;-1;-1;-1;-1;-1;0;0;0;-1
0;0;22.2738;-89.2203;-258.355;10.7736;-1;-1;-1;-1;-1;-1;0;0;0;-1
0;0;21.393;-74.8951;-259.234;10.2859;-1;-1;-1;-1;-1;-1;0;0;0;-1
0;0;20.5527;-53.3025;-255.419;10.1145;-1;-1;-1;-1;-1;-1;0;0;0;-1
0;0;24.3333;-36.8751;-255.444;10.9998;-1;-1;-1;-1;-1;-1;0;0;0;-1
0;0;21.4507;-13.0896;-259.568;10.1958;-1;-1;-1;-1;-1;-1;0;0;0;-1
0;0;23.2482;1.44855;-257.635;11.5073;-1;-1;-1;-1;-1;-1;0;0;0;-1
0;0;21.3863;22.7992;-256.586;11.5077;-1;-1;-1;-1;-1;-1;0;0;0;-1
0;0;19.699;40.3048;-256.124;11.4784;-1;-1;-1;-1;-1;-1;0;0;0;-1
0;0;21.0744;61.7338;-257.915;11.5172;-1;-1;-1;-1;-1;-1;0;0;0;-1
0;0;23.9327;77.3779;-256.093;11.5723;-1;-1;-1;-1;-1;-1;0;0;0;-1
0;0;19.4426;99.0688;-260.205;10.1652;-1;-1;-1;-1;-1;-1;0;0;0;-1
0;0;22.8532;115.793;-257.982;11.6475;-1;-1;-1;-1;-1;-1;0;0;0;-1
0;0;38.9308;-117.118;-256.085;9.76734;-1;-1;-1;-1;-1;-1;0;0;0;-1
0;0;40.1393;-100.224;-257.266;10.9285;-1;-1;-1;-1;-1;-1;0;0;0;-1
0;0;36.0856;-83.4125;-255.412;10.2315;-1;-1;-1;-1;-1;-1;0;0;0;-1
0;0;36.9061;-64.2669;-258.714;9.69795;-1;-1;-1;-1;-1;-1;0;0;0;-1
0;0;36.8373;-41.9238;-259.122;11.195;-1;-1;-1;-1;-1;-1;0;0;0;-1
0;0;38.832;-26.1788;-257.211;10.619;-1;-1;-1;-1;-1;-1;0;0;0;-1
0;0;40.3862;-5.76917;-255.798;11.0736;-1;-1;-1;-1;-1;-1;0;0;0;-1
0;0;40.6959;13.4168;-259.827;10.8516;-1;-1;-1;-1;-1;-1;0;0;0;-1
0;0;39.9275;30.3059;-255.915;10.4072;-1;-1;-1;-1;-1;-1;0;0;0;-1
0;0;40.4519;49.1385;-255.44;9.55088;-1;-1;-1;-1;-1;-1;0;0;0;-1
0;0;39.3382;69.2064;-259.794;9.95698;-1;-1;-1;-1;-1;-1;0;0;0;-1
0;0;40.5129;87.5996;-255.707;10.1451;-1;-1;-1;-1;-1;-1;0;0;0;-1
0;0;39.7193;106.091;-256.364;10.3363;-1;-1;-1;-1;-1;-1;0;0;0;-1
0;0;36.5672;124.44;-258.69;9.87494;-1;-1;-1;-1;-1;-1;0;0;0;-1
0;0;52.9788;-111.35;-255.44;10.1895;-1;-1;-1;-1;-1;-1;0;0;0;-1
0;0;55.1634;-91.741;-259.236;10.7248;-1;-1;-1;-1;-1;-1;0;0;0;-1
0;0;55.7688;-72.7351;-256.074;11.0656;-1;-1;-1;-1;-1;-1;0;0;0;-1
0;0;53.2875;-51.5388;-260.231;10.1737;-1;-1;-1;-1;-1;-1;0;0;0;-1
0;0;53.1978;-34.2821;-255.469;10.714;-1;-1;-1;-1;-1;-1;0;0;0;-1
0;0;53.636;-13.3711;-258.064;11.2385;-1;-1;-1;-1;-1;-1;0;0;0;-1
0;0;53.4388;3.22694;-258.149;10.6747;-1;-1;-1;-1;-1;-1;0;0;0;-1
0;0;55.8106;20.549;-255.968;9.76369;-1;-1;-1;-1;-1;-1;0;0;0;-1
0;0;53.4385;41.3803;-259.966;10.9514;-1;-1;-1;-1;-1;-1;0;0;0;-1
0;0;56.6745;62.7218;-260.199;10.4931;-1;-1;-1;-1;-1;-1;0;0;0;-1
0;0;55.2702;78.4254;-259.754;11.4987;-1;-1;-1;-1;-1;-1;0;0;0;-1
0;0;54.4047;100.262;-259.381;10.8891;-1;-1;-1;-1;-1;-1;0;0;0;-1
0;0;53.3781;117.283;-255.808;10.419;-1;-1;-1;-1;-1;-1;0;0;0;-1
0;0;69.2474;-98.8286;-257.225;11.0301;-1;-1;-1;-1;-1;-1;0;0;0;-1
0;0;69.8943;-80.5994;-256.324;10.6794;-1;-1;-1;-1;-1;-1;0;0;0;-1
0;0;70.9424;-61.2352;-260.261;10.3271;-1;-1;-1;-1;-1;-1;0;0;0;-1
0;0;73.0058;-42.1425;-258.185;11.3051;-1;-1;-1;-1;-1;-1;0;0;0;-1
0;0;72.4394;-24.9679;-258.162;10.4618;-1;-1;-1;-1;-1;-1;0;0;0;-1
0;0;72.6431;-6.68706;-256.022;10.1743;-1;-1;-1;-1;-1;-1;0;0;0;-1
0;0;70.9779;12.1813;-256.84;10.9815;-1;-1;-1;-1;-1;-1;0;0;0;-1
0;0;73.0326;31.4611;-260.276;10.4917;-1;-1;-1;-1;-1;-1;0;0;0;-1
0;0;68.83;53.8239;-257.221;9.9039;-1;-1;-1;-1;-1;-1;0;0;0;-1
0;0;71.8402;72.9473;-259.842;10.7445;-1;-1;-1;-1;-1;-1;0;0;0;-1
0;0;73.2219;87.52;-258.724;11.3986;-1;-1;-1;-1;-1;-1;0;0;0;-1
0;0;73.382;106.94;-258.683;10.3389;-1;-1;-1;-1;-1;-1;0;0;0;-1
0;0;88.5126;-90.62;-260.059;10.9499;-1;-1;-1;-1;-1;-1;0;0;0;-1
0;0;89.7142;-70.4171;-257.585;10.6049;-1;-1;-1;-1;-1;-1;0;0;0;-1
0;0;88.5448;-54.9026;-255.685;9.65052;-1;-1;-1;-1;-1;-1;0;0;0;-1
0;0;86.7381;-36.7479;-259.287;10.7014;-1;-1;-1;-1;-1;-1;0;0;0;-1
0;0;85.8436;-16.0412;-256.075;11.5442;-1;-1;-1;-1;-1;-1;0;0;0;-1
0;0;89.2518;2.8357;-256.027;10.0323;-1;-1;-1;-1;-1;-1;0;0;0;-1
0;0;89.2223;20.5182;-257.266;10.4073;-1;-1;-1;-1;-1;-1;0;0;0;-1
0;0;89.9038;39.8469;-258.914;10.8648;-1;-1;-1;-1;-1;-1;0;0;0;-1
0;0;89.0522;59.3344;-259.789;10.4078;-1;-1;-1;-1;-1;-1;0;0;0;-1
0;0;89.7347;81.1624;-256.086;10.0748;-1;-1;-1;-1;-1;-1;0;0;0;-1
0;0;88.6651;96.8743;-258.214;9.99029;-1;-1;-1;-1;-1;-1;0;0;0;-1
0;0;102.313;-81.3231;-256.532;10.1793;-1;-1;-1;-1;-1;-1;0;0;0;-1
0;0;104.095;-62.3861;-258.502;10.2479;-1;-1;-1;-1;-1;-1;0;0;0;-1
0;0;102.214;-44.1234;-259.539;11.6233;-1;-1;-1;-1;-1;-1;0;0;0;-1
0;0;103.934;-22.318;-257.263;10.8733;-1;-1;-1;-1;-1;-1;0;0;0;-1
0;0;104.5;-7.93829;-259.443;10.4826;-1;-1;-1;-1;-1;-1;0;0;0;-1
0;0;105.308;10.8231;-258.041;9.70896;-1;-1;-1;-1;-1;-1;0;0;0;-1
0;0;106.571;29.8632;-255.608;10.4561;-1;-1;-1;-1;-1;-1;0;0;0;-1
0;0;104.705;51.1959;-258.367;11.5608;-1;-1;-1;-1;-1;-1;0;0;0;-1
0;0;105.008;68.0465;-257.531;11.217;-1;-1;-1;-1;-1;-1;0;0;0;-1
0;0;121.521;-52.039;-257.689;10.6529;-1;-1;-1;-1;-1;-1;0;0;0;-1
0;0;122.279;-32.6957;-258.354;10.7492;-1;-1;-1;-1;-1;-1;0;0;0;-1
0;0;121.921;-13.3026;-258.761;11.5165;-1;-1;-1;-1;-1;-1;0;0;0;-1
0;0;119.854;5.35704;-256.8;10.2789;-1;-1;-1;-1;-1;-1;0;0;0;-1
0;0;120.58;23.9734;-260.18;10.4324;-1;-1;-1;-1;-1;-1;0;0;0;-1
0;0;122.149;43.815;-257.513;11.3717;-1;-1;-1;-1;-1;-1;0;0;0;-1
0;0;-153.477;-26.419;-242.047;9.70083;-1;-1;-1;-1;-1;-1;0;0;0;-1
0;0;-155.992;-5.90602;-239.078;10.8397;-1;-1;-1;-1;-1;-1;0;0;0;-1
0;0;-152.987;11.6593;-239.544;11.4094;-1;-1;-1;-1;-1;-1;0;0;0;-1
0;0;-153.748;29.4607;-240.685;9.90247;-1;-1;-1;-1;-1;-1;0;0;0;-1
0;0;-152.899;50.8289;-241.028;10.2478;-1;-1;-1;-1;-1;-1;0;0;0;-1
0;0;-139.98;-71.3745;-242.274;9.90278;-1;-1;-1;-1;-1;-1;0;0;0;-1
0;0;-139.889;-53.4342;-239.017;10.6603;-1;-1;-1;-1;-1;-1;0;0;0;-1
0;0;-136.105;-34.6813;-239.628;11.4634;-1;-1;-1;-1;-1;-1;0;0;0;-1
0;0;-139.374;-13.8993;-241.37;11.1976;-1;-1;-1;-1;-1;-1;0;0;0;-1
0;0;-135.789;1.74556;-241.109;11.4498;-1;-1;-1;-1;-1;-1;0;0;0;-1
0;0;-139.781;22.457;-242.227;11.4124;-1;-1;-1;-1;-1;-1;0;0;0;-1
0;0;-138.972;43.8227;-239.28;9.87242;-1;-1;-1;-1;-1;-1;0;0;0;-1
0;0;-138.676;60.4791;-241.163;9.93182;-1;-1;-1;-1;-1;-1;0;0;0;-1
0;0;-136.532;80.5749;-243.445;11.4858;-1;-1;-1;-1;-1;-1;0;0;0;-1
0;0;-121.927;-99.4871;-242.112;11.2869;-1;-1;-1;-1;-1;-1;0;0;0;-1
0;0;-121.138;-82.7478;-243.719;11.3144;-1;-1;-1;-1;-1;-1;0;0;0;-1
0;0;-122.445;-60.8625;-241.951;10.2821;-1;-1;-1;-1;-1;-1;0;0;0;-1
0;0;-119.549;-43.7748;-241.986;10.5458;-1;-1;-1;-1;-1;-1;0;0;0;-1
0;0;-122.278;-22.7299;-240.713;11.5879;-1;-1;-1;-1;-1;-1;0;0;0;-1
0;0;-122.787;-5.25474;-240.342;10.1694;-1;-1;-1;-1;-1;-1;0;0;0;-1
0;0;-122.4;13.9051;-243.816;11.1733;-1;-1;-1;-1;-1;-1;0;0;0;-1
0;0;-121.51;34.6101;-242.726;9.66234;-1;-1;-1;-1;-1;-1;0;0;0;-1
0;0;-119.191;52.5122;-241.998;11.5818;-1;-1;-1;-1;-1;-1;0;0;0;-1
0;0;-120.446;72.9985;-239.682;10.6629;-1;-1;-1;-1;-1;-1;0;0;0;-1
0;0;-120.043;87.953;-242.607;9.72085;-1;-1;-1;-1;-1;-1;0;0;0;-1
0;0;-105.73;-111.884;-241.72;9.66698;-1;-1;-1;-1;-1;-1;0;0;0;-1
0;0;-106.476;-89.8498;-239.759;10.443;-1;-1;-1;-1;-1;-1;0;0;0;-1
0;0;-105.158;-73.1578;-240.5;10.2014;-1;-1;-1;-1;-1;-1;0;0;0;-1
0;0;-107.012;-52.5191;-238.935;11.4545;-1;-1;-1;-1;-1;-1;0;0;0;-1
0;0;-102.718;-33.6016;-239.322;10.9579;-1;-1;-1;-1;-1;-1;0;0;0;-1
0;0;-105.044;-13.3294;-243.138;9.68518;-1;-1;-1;-1;-1;-1;0;0;0;-1
0;0;-107.305;1.36771;-239.656;10.7322;-1;-1;-1;-1;-1;-1;0;0;0;-1
0;0;-103.086;24.6013;-243.33;10.2752;-1;-1;-1;-1;-1;-1;0;0;0;-1
0;0;-103.344;41.6093;-242.083;9.82841;-1;-1;-1;-1;-1;-1;0;0;0;-1
0;0;-105.878;58.6928;-243.038;10.8984;-1;-1;-1;-1;-1;-1;0;0;0;-1
0;0;-105.333;77.0648;-242.472;10.001;-1;-1;-1;-1;-1;-1;0;0;0;-1
0;0;-105.936;99.6277;-243.301;9.87792;-1;-1;-1;-1;-1;-1;0;0;0;-1
0;0;-103.879;114.993;-241.671;9.83539;-1;-1;-1;-1;-1;-1;0;0;0;-1
0;0;-89.2827;-118.505;-243.818;10.3622;-1;-1;-1;-1;-1;-1;0;0;0;-1
0;0;-87.0867;-100.472;-243.653;9.81278;-1;-1;-1;-1;-1;-1;0;0;0;-1
0;0;-86.8499;-83.6046;-241.603;10.9022;-1;-1;-1;-1;-1;-1;0;0;0;-1
0;0;-88.1829;-62.4326;-241.684;10.5122;-1;-1;-1;-1;-1;-1;0;0;0;-1
0;0;-89.974;-45.3529;-242.025;9.5945;-1;-1;-1;-1;-1;-1;0;0;0;-1
0;0;-86.3303;-22.8115;-239.953;11.4786;-1;-1;-1;-1;-1;-1;0;0;0;-1
0;0;-86.232;-5.07504;-243.68;10.7927;-1;-1;-1;-1;-1;-1;0;0;0;-1
0;0;-87.4917;14.3055;-239.191;10.7613;-1;-1;-1;-1;-1;-1;0;0;0;-1
0;0;-87.3332;32.5445;-241.855;9.52759;-1;-1;-1;-1;-1;-1;0;0;0;-1
0;0;-88.1489;49.8725;-243.719;11.0616;-1;-1;-1;-1;-1;-1;0;0;0;-1
0;0;-87.0305;70.5543;-243.351;11.6283;-1;-1;-1;-1;-1;-1;0;0;0;-1
0;0;-87.7479;89.5736;-241.133;10.1739;-1;-1;-1;-1;-1;-1;0;0;0;-1
0;0;-88.4813;110.07;-239.029;10.2277;-1;-1;-1;-1;-1;-1;0;0;0;-1
0;0;-86.4339;130.079;-239.807;9.87865;-1;-1;-1;-1;-1;-1;0;0;0;-1
0;0;-73.5042;-130.987;-241.873;11.0379;-1;-1;-1;-1;-1;-1;0;0;0;-1
0;0;-72.8412;-110.253;-239.125;10.1518;-1;-1;-1;-1;-1;-1;0;0;0;-1
0;0;-70.9732;-91.4482;-239.546;9.64723;-1;-1;-1;-1;-1;-1;0;0;0;-1
0;0;-72.3534;-73.6246;-240.936;10.3697;-1;-1;-1;-1;-1;-1;0;0;0;-1
0;0;-71.9159;-51.2097;-239.874;10.1977;-1;-1;-1;-1;-1;-1;0;0;0;-1
0;0;-73.5379;-31.7148;-243.29;9.85546;-1;-1;-1;-1;-1;-1;0;0;0;-1
0;0;-70.5155;-14.7196;-242.468;11.4434;-1;-1;-1;-1;-1;-1;0;0;0;-1
0;0;-72.2222;5.28961;-243.616;9.55965;-1;-1;-1;-1;-1;-1;0;0;0;-1
0;0;-74.3115;23.9101;-243.674;10.1331;-1;-1;-1;-1;-1;-1;0;0;0;-1
0;0;-71.0993;43.7824;-240.326;10.7952;-1;-1;-1;-1;-1;-1;0;0;0;-1
0;0;-72.1723;59.917;-239.14;9.79131;-1;-1;-1;-1;-1;-1;0;0;0;-1
0;0;-73.7508;77.6433;-241.456;10.0927;-1;-1;-1;-1;-1;-1;0;0;0;-1
0;0;-71.6535;99.8031;-240.323;10.7164;-1;-1;-1;-1;-1;-1;0;0;0;-1
0;0;-71.236;120.495;-242.747;10.0207;-1;-1;-1;-1;-1;-1;0;0;0;-1
0;0;-72.7989;138.692;-239.882;9.78837;-1;-1;-1;-1;-1;-1;0;0;0;-1
0;0;-55.6855;-136.087;-241.941;11.6351;-1;-1;-1;-1;-1;-1;0;0;0;-1
0;0;-53.958;-120.694;-241.585;11.0965;-1;-1;-1;-1;-1;-1;0;0;0;-1
0;0;-54.1489;-100.585;-241.167;10.164;-1;-1;-1;-1;-1;-1;0;0;0;-1
0;0;-56.4304;-82.6768;-241.964;10.4642;-1;-1;-1;-1;-1;-1;0;0;0;-1
0;0;-55.4153;-63.7655;-240.646;10.2766;-1;-1;-1;-1;-1;-1;0;0;0;-1
0;0;-53.67;-46.4793;-240.791;9.69442;-1;-1;-1;-1;-1;-1;0;0;0;-1
0;0;-53.3084;-23.1433;-242.059;10.9311;-1;-1;-1;-1;-1;-1;0;0;0;-1
0;0;-54.0499;-4.45734;-241.936;11.248;-1;-1;-1;-1;-1;-1;0;0;0;-1
0;0;-54.5965;12.2644;-240.411;10.4592;-1;-1;-1;-1;-1;-1;0;0;0;-1
0;0;-53.6523;32.1022;-240.574;11.6695;-1;-1;-1;-1;-1;-1;0;0;0;-1
0;0;-53.3739;52.484;-239.852;10.7005;-1;-1;-1;-1;-1;-1;0;0;0;-1
0;0;-56.54;72.9178;-240.553;9.89522;-1;-1;-1;-1;-1;-1;0;0;0;-1
0;0;-56.8786;90.1398;-240.972;11.2499;-1;-1;-1;-1;-1;-1;0;0;0;-1
0;0;-57.7952;109.627;-240.924;10.3712;-1;-1;-1;-1;-1;-1;0;0;0;-1
0;0;-57.0533;129.275;-241.562;10.6199;-1;-1;-1;-1;-1;-1;0;0;0;-1
0;0;-57.2041;148.639;-240.916;10.9853;-1;-1;-1;-1;-1;-1;0;0;0;-1
0;0;-38.192;-149.511;-242.078;11.3544;-1;-1;-1;-1;-1;-1;0;0;0;-1
0;0;-37.0546;-126.919;-239.866;10.7564;-1;-1;-1;-1;-1;-1;0;0;0;-1
0;0;-39.0838;-109.713;-240.656;11.6592;-1;-1;-1;-1;-1;-1;0;0;0;-1
0;0;-38.849;-88.448;-243.277;10.7956;-1;-1;-1;-1;-1;-1;0;0;0;-1
0;0;-40.5768;-72.7931;-239.078;10.7466;-1;-1;-1;-1;-1;-1;0;0;0;-1
0;0;-40.8925;-50.787;-239.833;10.6052;-1;-1;-1;-1;-1;-1;0;0;0;-1
0;0;-38.3025;-35.2829;-241.637;10.9886;-1;-1;-1;-1;-1;-1;0;0;0;-1
0;0;-38.589;-14.5391;-242.11;10.6301;-1;-1;-1;-1;-1;-1;0;0;0;-1
0;0;-39.4081;6.47105;-241.11;10.8412;-1;-1;-1;-1;-1;-1;0;0;0;-1
0;0;-39.6;20.402;-240.862;11.0133;-1;-1;-1;-1;-1;-1;0;0;0;-1
0;0;-37.1792;41.1;-241.598;11.143;-1;-1;-1;-1;-1;-1;0;0;0;-1
0;0;-40.389;63.4172;-241.549;10.503;-1;-1;-1;-1;-1;-1;0;0;0;-1
0;0;-41.4365;77.6179;-242.694;9.81354;-1;-1;-1;-1;-1;-1;0;0;0;-1
0;0;-39.0292;97.6058;-239.949;10.9538;-1;-1;-1;-1;-1;-1;0;0;0;-1
0;0;-39.8816;120.021;-241.254;10.0081;-1;-1;-1;-1;-1;-1;0;0;0;-1
0;0;-41.0464;135.625;-242.293;9.62503;-1;-1;-1;-1;-1;-1;0;0;0;-1
0;0;-39.6354;157.513;-239.318;10.6374;-1;-1;-1;-1;-1;-1;0;0;0;-1
0;0;-20.4184;-157.983;-242.771;10.7609;-1;-1;-1;-1;-1;-1;0;0;0;-1
0;0;-23.5889;-138.404;-241.02;10.9085;-1;-1;-1;-1;-1;-1;0;0;0;-1
0;0;-20.9024;-118.72;-242.795;9.77717;-1;-1;-1;-1;-1;-1;0;0;0;-1
0;0;-21.206;-101.199;-239.151;10.427;-1;-1;-1;-1;-1;-1;0;0;0;-1
0;0;-22.3923;-79.8031;-242.824;9.61566;-1;-1;-1;-1;-1;-1;0;0;0;-1
0;0;-23.9266;-64.5432;-243.796;10.3006;-1;-1;-1;-1;-1;-1;0;0;0;-1
0;0;-22.8854;-40.9382;-241.216;11.3722;-1;-1;-1;-1;-1;-1;0;0;0;-1
0;0;-20.8855;-24.9489;-241.941;10.5533;-1;-1;-1;-1;-1;-1;0;0;0;-1
0;0;-23.3301;-6.077;-242.41;10.9776;-1;-1;-1;-1;-1;-1;0;0;0;-1
0;0;-24.2296;16.0339;-242.097;11.1698;-1;-1;-1;-1;-1;-1;0;0;0;-1
0;0;-21.4696;33.36;-238.915;10.2525;-1;-1;-1;-1;-1;-1;0;0;0;-1
0;0;-23.5852;51.9229;-242.055;11.4826;-1;-1;-1;-1;-1;-1;0;0;0;-1
0;0;-24.7349;71.0448;-241.988;10.4867;-1;-1;-1;-1;-1;-1;0;0;0;-1
0;0;-22.5138;87.0002;-240.93;9.70138;-1;-1;-1;-1;-1;-1;0;0;0;-1
0;0;-23.6922;107.786;-239.605;11.6612;-1;-1;-1;-1;-1;-1;0;0;0;-1
0;0;-24.6515;129.167;-241.872;10.07;-1;-1;-1;-1;-1;-1;0;0;0;-1
0;0;-20.3351;145.548;-241.767;10.5371;-1;-1;-1;-1;-1;-1;0;0;0;-1
0;0;-5.33217;-150.286;-241.843;10.1946;-1;-1;-1;-1;-1;-1;0;0;0;-1
0;0;-3.95789;-128.505;-241.625;11.502;-1;-1;-1;-1;-1;-1;0;0;0;-1
0;0;-5.69449;-111.081;-242.396;10.2741;-1;-1;-1;-1;-1;-1;0;0;0;-1
0;0;-8.30234;-92.0005;-241.775;10.3186;-1;-1;-1;-1;-1;-1;0;0;0;-1
0;0;-4.5621;-72.1227;-239.616;11.4178;-1;-1;-1;-1;-1;-1;0;0;0;-1
0;0;-4.76012;-54.623;-242.587;9.90343;-1;-1;-1;-1;-1;-1;0;0;0;-1
0;0;-4.62712;-35.5713;-239.397;11.404;-1;-1;-1;-1;-1;-1;0;0;0;-1
0;0;-6.4181;-17.6524;-242.211;11.3831;-1;-1;-1;-1;-1;-1;0;0;0;-1
0;0;-6.09669;5.18603;-241.046;10.8933;-1;-1;-1;-1;-1;-1;0;0;0;-1
0;0;-5.32592;23.5701;-242.02;9.59498;-1;-1;-1;-1;-1;-1;0;0;0;-1
0;0;-4.8142;43.3954;-241.371;11.1904;-1;-1;-1;-1;-1;-1;0;0;0;-1
0;0;-4.42835;59.5373;-242.751;11.2728;-1;-1;-1;-1;-1;-1;0;0;0;-1
0;0;-8.60426;77.2449;-238.904;10.1365;-1;-1;-1;-1;-1;-1;0;0;0;-1
0;0;-4.15898;95.9842;-239.912;10.6347;-1;-1;-1;-1;-1;-1;0;0;0;-1
0;0;-5.65988;115.721;-238.987;9.992;-1;-1;-1;-1;-1;-1;0;0;0;-1
0;0;-4.96943;135.419;-243.138;11.253;-1;-1;-1;-1;-1;-1;0;0;0;-1
0;0;-5.29895;156.713;-239.185;11.179;-1;-1;-1;-1;-1;-1;0;0;0;-1
0;0;9.82806;-155.466;-239.688;11.124;-1;-1;-1;-1;-1;-1;0;0;0;-1
0;0;11.8912;-138.405;-243.438;10.9166;-1;-1;-1;-1;-1;-1;0;0;0;-1
0;0;11.2279;-119.804;-240.305;10.1119;-1;-1;-1;-1;-1;-1;0;0;0;-1
0;0;11.2381;-99.7262;-240.508;9.72344;-1;-1;-1;-1;-1;-1;0;0;0;-1
0;0;11.0809;-81.6643;-242.891;10.6561;-1;-1;-1;-1;-1;-1;0;0;0;-1
0;0;10.7319;-62.6862;-239.593;10.6896;-1;-1;-1;-1;-1;-1;0;0;0;-1
0;0;10.5097;-43.1934;-243.176;9.62537;-1;-1;-1;-1;-1;-1;0;0;0;-1
0;0;8.03977;-23.1647;-241.156;10.4632;-1;-1;-1;-1;-1;-1;0;0;0;-1
0;0;10.749;-5.20919;-239.308;10.9137;-1;-1;-1;-1;-1;-1;0;0;0;-1
0;0;10.2257;14.7904;-239.991;11.0181;-1;-1;-1;-1;-1;-1;0;0;0;-1
0;0;11.3317;31.5153;-243.588;10.0474;-1;-1;-1;-1;-1;-1;0;0;0;-1
0;0;8.28268;51.826;-239.103;10.6231;-1;-1;-1;-1;-1;-1;0;0;0;-1
0;0;12.432;69.3204;-242.347;10.9083;-1;-1;-1;-1;-1;-1;0;0;0;-1
0;0;10.6254;88.8381;-240.022;11.5282;-1;-1;-1;-1;-1;-1;0;0;0;-1
0;0;12.3813;106.762;-242.969;10.4088;-1;-1;-1;-1;-1;-1;0;0;0;-1
0;0;11.2055;129.431;-239.795;11.5098;-1;-1;-1;-1;-1;-1;0;0;0;-1
0;0;11.7356;143.85;-242.249;10.6439;-1;-1;-1;-1;-1;-1;0;0;0;-1
0;0;27.5794;-148.623;-240.182;11.029;-1;-1;-1;-1;-1;-1;0;0;0;-1
0;0;28.7693;-127.567;-243.602;11.4428;-1;-1;-1;-1;-1;-1;0;0;0;-1
0;0;28.7712;-110.65;-239.048;10.8944;-1;-1;-1;-1;-1;-1;0;0;0;-1
0;0;28.9193;-93.7265;-242.957;11.0877;-1;-1;-1;-1;-1;-1;0;0;0;-1
0;0;28.998;-74.2804;-243.509;10.0044;-1;-1;-1;-1;-1;-1;0;0;0;-1
0;0;28.566;-53.2716;-241.049;10.4683;-1;-1;-1;-1;-1;-1;0;0;0;-1
0;0;27.9269;-36.4358;-241.295;11.0042;-1;-1;-1;-1;-1;-1;0;0;0;-1
0;0;28.8822;-17.2529;-239.32;11.6706;-1;-1;-1;-1;-1;-1;0;0;0;-1
0;0;27.2944;4.02458;-240.637;9.56407;-1;-1;-1;-1;-1;-1;0;0;0;-1
0;0;27.9871;23.5299;-241.034;11.6799;-1;-1;-1;-1;-1;-1;0;0;0;-1
0;0;27.5553;40.8056;-242.156;11.445;-1;-1;-1;-1;-1;-1;0;0;0;-1
0;0;24.9106;58.5211;-240.069;10.1624;-1;-1;-1;-1;-1;-1;0;0;0;-1
0;0;24.7535;79.7977;-239.817;9.80258;-1;-1;-1;-1;-1;-1;0;0;0;-1
0;0;24.6659;100.191;-240.554;10.4951;-1;-1;-1;-1;-1;-1;0;0;0;-1
0;0;24.4065;116.108;-241.329;11.331;-1;-1;-1;-1;-1;-1;0;0;0;-1
0;0;28.6864;138.797;-240.536;10.8038;-1;-1;-1;-1;-1;-1;0;0;0;-1
0;0;25.3614;155.912;-239.708;11.5472;-1;-1;-1;-1;-1;-1;0;0;0;-1
0;0;41.7724;-138.55;-243.592;11.0027;-1;-1;-1;-1;-1;-1;0;0;0;-1
0;0;40.7652;-118.017;-239.186;11.1659;-1;-1;-1;-1;-1;-1;0;0;0;-1
0;0;44.8238;-98.7509;-241.541;11.3716;-1;-1;-1;-1;-1;-1;0;0;0;-1
0;0;42.1658;-82.3751;-240.937;9.56888;-1;-1;-1;-1;-1;-1;0;0;0;-1
0;0;41.6514;-60.5606;-239.995;10.3212;-1;-1;-1;-1;-1;-1;0;0;0;-1
0;0;44.2173;-42.1676;-240.422;11.3375;-1;-1;-1;-1;-1;-1;0;0;0;-1
0;0;45.3366;-25.2721;-243.114;11.614;-1;-1;-1;-1;-1;-1;0;0;0;-1
0;0;45.1386;-3.03971;-241.674;10.0487;-1;-1;-1;-1;-1;-1;0;0;0;-1
0;0;42.3374;15.8103;-239.409;11.2374;-1;-1;-1;-1;-1;-1;0;0;0;-1
0;0;43.5574;34.1439;-241.975;10.5277;-1;-1;-1;-1;-1;-1;0;0;0;-1
0;0;42.949;52.0012;-239.68;10.6939;-1;-1;-1;-1;-1;-1;0;0;0;-1
0;0;44.4967;68.1834;-241.395;11.4437;-1;-1;-1;-1;-1;-1;0;0;0;-1
0;0;41.6785;88.4291;-239.84;10.3717;-1;-1;-1;-1;-1;-1;0;0;0;-1
0;0;42.1527;109.202;-243.131;10.5187;-1;-1;-1;-1;-1;-1;0;0;0;-1
0;0;42.5154;129.779;-238.979;11.6216;-1;-1;-1;-1;-1;-1;0;0;0;-1
0;0;41.0256;148.381;-240.909;10.8027;-1;-1;-1;-1;-1;-1;0;0;0;-1
0;0;57.3283;-147.312;-241.782;11.3393;-1;-1;-1;-1;-1;-1;0;0;0;-1
0;0;61.3078;-131.874;-241.749;11.1758;-1;-1;-1;-1;-1;-1;0;0;0;-1
0;0;58.3062;-109.825;-241.713;10.4941;-1;-1;-1;-1;-1;-1;0;0;0;-1
0;0;58.0825;-89.7323;-242.88;11.5041;-1;-1;-1;-1;-1;-1;0;0;0;-1
0;0;59.8746;-71.0826;-239.763;11.035;-1;-1;-1;-1;-1;-1;0;0;0;-1
0;0;60.5577;-51.7875;-242.45;10.6573;-1;-1;-1;-1;-1;-1;0;0;0;-1
0;0;59.738;-35.7397;-240.78;11.353;-1;-1;-1;-1;-1;-1;0;0;0;-1
0;0;59.9446;-16.0279;-242.448;11.1336;-1;-1;-1;-1;-1;-1;0;0;0;-1
0;0;59.8374;4.78437;-243.746;9.5749;-1;-1;-1;-1;-1;-1;0;0;0;-1
0;0;59.5019;21.4036;-241.749;10.4282;-1;-1;-1;-1;-1;-1;0;0;0;-1
0;0;61.1411;41.1582;-241.046;10.0371;-1;-1;-1;-1;-1;-1;0;0;0;-1
0;0;57.6582;61.3638;-241.578;11.1003;-1;-1;-1;-1;-1;-1;0;0;0;-1
0;0;59.2143;81.864;-242.91;11.6217;-1;-1;-1;-1;-1;-1;0;0;0;-1
0;0;60.8169;96.171;-241.548;10.2485;-1;-1;-1;-1;-1;-1;0;0;0;-1
0;0;61.9618;120.317;-240.467;11.5421;-1;-1;-1;-1;-1;-1;0;0;0;-1
0;0;59.3119;137.948;-241.801;11.5948;-1;-1;-1;-1;-1;-1;0;0;0;-1
0;0;57.9477;154.711;-239.219;11.5505;-1;-1;-1;-1;-1;-1;0;0;0;-1
0;0;77.0406;-136.981;-241.385;9.79125;-1;-1;-1;-1;-1;-1;0;0;0;-1
0;0;77.9134;-118.075;-241.139;11.5527;-1;-1;-1;-1;-1;-1;0;0;0;-1
0;0;77.7709;-99.4289;-240.136;11.1786;-1;-1;-1;-1;-1;-1;0;0;0;-1
0;0;74.3846;-82.7461;-240.32;10.7823;-1;-1;-1;-1;-1;-1;0;0;0;-1
0;0;75.2741;-63.0147;-242.838;10.6425;-1;-1;-1;-1;-1;-1;0;0;0;-1
0;0;77.7113;-45.9723;-242.141;11.5866;-1;-1;-1;-1;-1;-1;0;0;0;-1
0;0;73.7671;-24.911;-241.201;10.5036;-1;-1;-1;-1;-1;-1;0;0;0;-1
0;0;77.9203;-6.86136;-242.282;10.6736;-1;-1;-1;-1;-1;-1;0;0;0;-1
0;0;74.1388;15.6499;-241.991;11.246;-1;-1;-1;-1;-1;-1;0;0;0;-1
0;0;78.4818;34.9698;-241.64;10.725;-1;-1;-1;-1;-1;-1;0;0;0;-1
0;0;75.0162;49.6442;-239.361;9.93646;-1;-1;-1;-1;-1;-1;0;0;0;-1
0;0;73.572;73.0442;-241.565;9.5658;-1;-1;-1;-1;-1;-1;0;0;0;-1
0;0;76.0656;89.5604;-238.965;10.5614;-1;-1;-1;-1;-1;-1;0;0;0;-1
0;0;77.4663;107.804;-239.691;9.71051;-1;-1;-1;-1;-1;-1;0;0;0;-1
0;0;76.1757;129.684;-239.446;9.93062;-1;-1;-1;-1;-1;-1;0;0;0;-1
0;0;92.8453;-129.838;-239.427;9.74373;-1;-1;-1;-1;-1;-1;0;0;0;-1
0;0;92.4361;-112.268;-240.792;10.778;-1;-1;-1;-1;-1;-1;0;0;0;-1
0;0;93.7256;-92.774;-241.049;10.2073;-1;-1;-1;-1;-1;-1;0;0;0;-1
0;0;93.2351;-70.1243;-240.017;10.7203;-1;-1;-1;-1;-1;-1;0;0;0;-1
0;0;93.3325;-55.0209;-243.779;10.5635;-1;-1;-1;-1;-1;-1;0;0;0;-1
0;0;91.9056;-35.4034;-239.929;9.63437;-1;-1;-1;-1;-1;-1;0;0;0;-1
0;0;91.6949;-14.8862;-242.75;9.55201;-1;-1;-1;-1;-1;-1;0;0;0;-1
0;0;90.6203;2.37201;-243.511;11.5242;-1;-1;-1;-1;-1;-1;0;0;0;-1
0;0;92.9659;25.2778;-242.283;9.95045;-1;-1;-1;-1;-1;-1;0;0;0;-1
0;0;91.637;38.9885;-241.339;9.68824;-1;-1;-1;-1;-1;-1;0;0;0;-1
0;0;90.3423;59.7625;-240.134;10.7592;-1;-1;-1;-1;-1;-1;0;0;0;-1
0;0;92.4665;81.3882;-239.404;10.2388;-1;-1;-1;-1;-1;-1;0;0;0;-1
0;0;92.555;99.3875;-240.818;10.779;-1;-1;-1;-1;-1;-1;0;0;0;-1
0;0;94.396;119.805;-242.07;9.91906;-1;-1;-1;-1;-1;-1;0;0;0;-1
0;0;92.9642;134.481;-239.588;9.62084;-1;-1;-1;-1;-1;-1;0;0;0;-1
0;0;109.609;-98.7862;-239.347;10.6696;-1;-1;-1;-1;-1;-1;0;0;0;-1
0;0;107.324;-79.6635;-242.719;10.6563;-1;-1;-1;-1;-1;-1;0;0;0;-1
0;0;111.053;-62.737;-241.535;10.9654;-1;-1;-1;-1;-1;-1;0;0;0;-1
0;0;107.5;-41.0867;-241.722;11.3529;-1;-1;-1;-1;-1;-1;0;0;0;-1
0;0;107.932;-23.8719;-241.552;10.0701;-1;-1;-1;-1;-1;-1;0;0;0;-1
0;0;109.886;-8.35513;-240.496;11.0247;-1;-1;-1;-1;-1;-1;0;0;0;-1
0;0;111.051;12.8694;-241.419;10.9445;-1;-1;-1;-1;-1;-1;0;0;0;-1
0;0;106.752;29.6786;-240.324;10.2855;-1;-1;-1;-1;-1;-1;0;0;0;-1
0;0;110.389;49.7695;-239.259;11.6699;-1;-1;-1;-1;-1;-1;0;0;0;-1
0;0;110.259;71.6369;-240.089;9.90287;-1;-1;-1;-1;-1;-1;0;0;0;-1
0;0;109.344;89.8964;-242.477;10.4627;-1;-1;-1;-1;-1;-1;0;0;0;-1
0;0;108.683;106.732;-243.149;11.5746;-1;-1;-1;-1;-1;-1;0;0;0;-1
0;0;125.88;-92.9026;-241.44;10.5782;-1;-1;-1;-1;-1;-1;0;0;0;-1
0;0;125.158;-70.5969;-239.953;10.8621;-1;-1;-1;-1;-1;-1;0;0;0;-1
0;0;126.174;-50.8903;-239.512;10.5788;-1;-1;-1;-1;-1;-1;0;0;0;-1
0;0;123.001;-36.6019;-241.096;11.3551;-1;-1;-1;-1;-1;-1;0;0;0;-1
0;0;126.835;-15.4942;-240.748;10.2486;-1;-1;-1;-1;-1;-1;0;0;0;-1
0;0;127.204;6.21964;-241.199;9.86151;-1;-1;-1;-1;-1;-1;0;0;0;-1
0;0;123.576;22.1007;-239.25;11.6817;-1;-1;-1;-1;-1;-1;0;0;0;-1
0;0;124.413;40.2077;-239.921;9.98826;-1;-1;-1;-1;-1;-1;0;0;0;-1
0;0;122.978;60.914;-242.464;10.6601;-1;-1;-1;-1;-1;-1;0;0;0;-1
0;0;123.979;79.373;-243.719;9.85076;-1;-1;-1;-1;-1;-1;0;0;0;-1
0;0;123.932;100.92;-242.16;10.5861;-1;-1;-1;-1;-1;-1;0;0;0;-1
0;0;143.663;-65.0387;-242.808;10.3917;-1;-1;-1;-1;-1;-1;0;0;0;-1
0;0;141.375;-42.3096;-241.818;9.90035;-1;-1;-1;-1;-1;-1;0;0;0;-1
0;0;139.834;-24.5207;-239.83;11.5969;-1;-1;-1;-1;-1;-1;0;0;0;-1
0;0;143.007;-3.17003;-240.164;10.0984;-1;-1;-1;-1;-1;-1;0;0;0;-1
0;0;143.348;11.9364;-241.4;10.7656;-1;-1;-1;-1;-1;-1;0;0;0;-1
0;0;141.408;30.9224;-243.05;10.2153;-1;-1;-1;-1;-1;-1;0;0;0;-1
0;0;143.961;51.9167;-242.358;11.518;-1;-1;-1;-1;-1;-1;0;0;0;-1
0;0;142.695;70.3983;-240.199;11.1867;-1;-1;-1;-1;-1;-1;0;0;0;-1
0;0;158.595;-15.9359;-243.11;10.0006;-1;-1;-1;-1;-1;-1;0;0;0;-1
0;0;159.77;1.18038;-242.44;11.2156;-1;-1;-1;-1;-1;-1;0;0;0;-1
0;0;156.936;22.5362;-243.028;9.8079;-1;-1;-1;-1;-1;-1;0;0;0;-1
0;0;155.861;42.9477;-239.617;10.4738;-1;-1;-1;-1;-1;-1;0;0;0;-1
0;0;-174.128;-53.4358;-226.379;10.8659;-1;-1;-1;-1;-1;-1;0;0;0;-1
0;0;-173.101;-34.654;-226.025;10.6902;-1;-1;-1;-1;-1;-1;0;0;0;-1
0;0;-177.62;-16.6396;-224.482;10.1048;-1;-1;-1;-1;-1;-1;0;0;0;-1
0;0;-177.691;1.03239;-224.12;9.9462;-1;-1;-1;-1;-1;-1;0;0;0;-1
0;0;-173.283;20.9339;-224.197;11.3275;-1;-1;-1;-1;-1;-1;0;0;0;-1
0;0;-175.539;43.0071;-226.946;11.3568;-1;-1;-1;-1;-1;-1;0;0;0;-1
0;0;-159.711;-84.1272;-223.238;10.3178;-1;-1;-1;-1;-1;-1;0;0;0;-1
0;0;-160.031;-65.3107;-224.829;9.87978;-1;-1;-1;-1;-1;-1;0;0;0;-1
0;0;-159.444;-40.961;-222.694;11.1787;-1;-1;-1;-1;-1;-1;0;0;0;-1
0;0;-159.861;-26.0073;-223.5;11.1626;-1;-1;-1;-1;-1;-1;0;0;0;-1
0;0;-158.375;-7.77494;-226.373;11.0488;-1;-1;-1;-1;-1;-1;0;0;0;-1
0;0;-158.591;12.5396;-227.252;11.2001;-1;-1;-1;-1;-1;-1;0;0;0;-1
0;0;-156.628;29.9072;-225.441;10.2358;-1;-1;-1;-1;-1;-1;0;0;0;-1
0;0;-160.789;52.3877;-224.893;11.1507;-1;-1;-1;-1;-1;-1;0;0;0;-1
0;0;-160.588;69.5044;-223.993;10.9927;-1;-1;-1;-1;-1;-1;0;0;0;-1
0;0;-160.158;88.117;-222.851;10.002;-1;-1;-1;-1;-1;-1;0;0;0;-1
0;0;-142.203;-112.067;-225.021;9.96493;-1;-1;-1;-1;-1;-1;0;0;0;-1
0;0;-143.522;-89.5516;-224.663;10.7282;-1;-1;-1;-1;-1;-1;0;0;0;-1
0;0;-143.594;-74.2123;-225.688;10.2756;-1;-1;-1;-1;-1;-1;0;0;0;-1
0;0;-144.129;-52.1365;-223.286;11.1983;-1;-1;-1;-1;-1;-1;0;0;0;-1
0;0;-143.429;-33.0751;-226.321;10.0048;-1;-1;-1;-1;-1;-1;0;0;0;-1
0;0;-143.74;-16.6608;-226.841;11.2654;-1;-1;-1;-1;-1;-1;0;0;0;-1
0;0;-144.356;5.16827;-223.215;11.1926;-1;-1;-1;-1;-1;-1;0;0;0;-1
0;0;-142.259;22.9987;-225.558;11.6141;-1;-1;-1;-1;-1;-1;0;0;0;-1
0;0;-141.801;44.4082;-226.178;9.68125;-1;-1;-1;-1;-1;-1;0;0;0;-1
0;0;-140.376;60.175;-226.915;11.6586;-1;-1;-1;-1;-1;-1;0;0;0;-1
0;0;-141.028;76.9965;-222.562;10.9675;-1;-1;-1;-1;-1;-1;0;0;0;-1
0;0;-140.262;100.504;-225.185;11.2253;-1;-1;-1;-1;-1;-1;0;0;0;-1
0;0;-127.174;-121.377;-225.537;9.50457;-1;-1;-1;-1;-1;-1;0;0;0;-1
0;0;-125.728;-100.35;-223.358;11.6099;-1;-1;-1;-1;-1;-1;0;0;0;-1
0;0;-127.697;-84.2337;-222.447;11.1855;-1;-1;-1;-1;-1;-1;0;0;0;-1
0;0;-127.712;-63.8292;-223.366;10.4997;-1;-1;-1;-1;-1;-1;0;0;0;-1
0;0;-126.49;-45.999;-225.391;9.55971;-1;-1;-1;-1;-1;-1;0;0;0;-1
0;0;-125.182;-24.9662;-224.315;10.2889;-1;-1;-1;-1;-1;-1;0;0;0;-1
0;0;-126.417;-5.78155;-223.143;11.3304;-1;-1;-1;-1;-1;-1;0;0;0;-1
0;0;-126.234;15.8165;-225.591;10.9231;-1;-1;-1;-1;-1;-1;0;0;0;-1
0;0;-123.805;33.6655;-226.049;10.6205;-1;-1;-1;-1;-1;-1;0;0;0;-1
0;0;-126.097;53.6322;-222.499;11.2391;-1;-1;-1;-1;-1;-1;0;0;0;-1
0;0;-126.344;68.3421;-223.618;9.7146;-1;-1;-1;-1;-1;-1;0;0;0;-1
0;0;-126.707;91.8009;-226.366;11.1479;-1;-1;-1;-1;-1;-1;0;0;0;-1
0;0;-125.19;108.014;-226.252;10.5199;-1;-1;-1;-1;-1;-1;0;0;0;-1
0;0;-123.864;124.873;-223.794;10.4552;-1;-1;-1;-1;-1;-1;0;0;0;-1
0;0;-107.347;-126.452;-223.932;11.4023;-1;-1;-1;-1;-1;-1;0;0;0;-1
0;0;-107.539;-108.034;-226.295;10.4073;-1;-1;-1;-1;-1;-1;0;0;0;-1
0;0;-108.135;-90.5758;-223.659;9.61281;-1;-1;-1;-1;-1;-1;0;0;0;-1
0;0;-108.767;-70.011;-224.886;9.75897;-1;-1;-1;-1;-1;-1;0;0;0;-1
0;0;-108.29;-55.1416;-227.349;9.57188;-1;-1;-1;-1;-1;-1;0;0;0;-1
0;0;-110.502;-36.4412;-222.678;10.4823;-1;-1;-1;-1;-1;-1;0;0;0;-1
0;0;-112.098;-15.9038;-227.102;10.6934;-1;-1;-1;-1;-1;-1;0;0;0;-1
0;0;-110.338;3.90163;-225.824;11.6597;-1;-1;-1;-1;-1;-1;0;0;0;-1
0;0;-112.104;21.0471;-225.442;11.5751;-1;-1;-1;-1;-1;-1;0;0;0;-1
0;0;-109.251;39.4541;-224.667;11.4791;-1;-1;-1;-1;-1;-1;0;0;0;-1
0;0;-108.184;59.3035;-224.533;11.3711;-1;-1;-1;-1;-1;-1;0;0;0;-1
0;0;-112.125;78.8007;-226.657;10.5289;-1;-1;-1;-1;-1;-1;0;0;0;-1
0;0;-111.809;97.2025;-227.063;10.5597;-1;-1;-1;-1;-1;-1;0;0;0;-1
0;0;-107.434;120.034;-227.314;10.0641;-1;-1;-1;-1;-1;-1;0;0;0;-1
0;0;-111.067;138.838;-222.539;9.98057;-1;-1;-1;-1;-1;-1;0;0;0;-1
0;0;-95.5619;-141.426;-226.404;10.0436;-1;-1;-1;-1;-1;-1;0;0;0;-1
0;0;-92.2564;-119.583;-222.818;10.8018;-1;-1;-1;-1;-1;-1;0;0;0;-1
0;0;-92.1036;-102.176;-222.895;9.57948;-1;-1;-1;-1;-1;-1;0;0;0;-1
0;0;-95.5944;-83.0344;-222.956;11.5269;-1;-1;-1;-1;-1;-1;0;0;0;-1
0;0;-92.0992;-65.1078;-222.797;9.53894;-1;-1;-1;-1;-1;-1;0;0;0;-1
0;0;-91.3961;-44.7305;-225.487;10.6563;-1;-1;-1;-1;-1;-1;0;0;0;-1
0;0;-91.1682;-27.3171;-226.053;11.1604;-1;-1;-1;-1;-1;-1;0;0;0;-1
0;0;-94.0034;-5.20678;-225.791;10.5436;-1;-1;-1;-1;-1;-1;0;0;0;-1
0;0;-95.0601;13.6295;-225.567;10.7987;-1;-1;-1;-1;-1;-1;0;0;0;-1
0;0;-91.0354;32.5109;-225.668;10.2263;-1;-1;-1;-1;-1;-1;0;0;0;-1
0;0;-93.606;48.8116;-225.433;10.3522;-1;-1;-1;-1;-1;-1;0;0;0;-1
0;0;-92.6928;72.1204;-225.636;11.546;-1;-1;-1;-1;-1;-1;0;0;0;-1
0;0;-93.5331;88.5677;-225.895;11.2059;-1;-1;-1;-1;-1;-1;0;0;0;-1
0;0;-95.5986;107.894;-223.875;9.55668;-1;-1;-1;-1;-1;-1;0;0;0;-1
0;0;-93.3664;127.986;-225.882;9.6453;-1;-1;-1;-1;-1;-1;0;0;0;-1
0;0;-92.1788;146.749;-224.861;10.4227;-1;-1;-1;-1;-1;-1;0;0;0;-1
0;0;-76.0656;-165.263;-222.935;9.77227;-1;-1;-1;-1;-1;-1;0;0;0;-1
0;0;-76.3732;-147.733;-223.619;10.9573;-1;-1;-1;-1;-1;-1;0;0;0;-1
0;0;-74.9889;-129.863;-226.33;11.4708;-1;-1;-1;-1;-1;-1;0;0;0;-1
0;0;-77.2934;-109.342;-226.332;11.3605;-1;-1;-1;-1;-1;-1;0;0;0;-1
0;0;-77.8042;-91.1113;-224.349;10.6801;-1;-1;-1;-1;-1;-1;0;0;0;-1
0;0;-78.9697;-73.2519;-224.95;11.2218;-1;-1;-1;-1;-1;-1;0;0;0;-1
0;0;-78.6808;-50.9175;-226.057;11.0588;-1;-1;-1;-1;-1;-1;0;0;0;-1
0;0;-74.9498;-32.4122;-222.688;11.1429;-1;-1;-1;-1;-1;-1;0;0;0;-1
0;0;-78.8974;-17.3013;-225.549;10.5223;-1;-1;-1;-1;-1;-1;0;0;0;-1
0;0;-75.7239;6.58664;-226.685;9.87121;-1;-1;-1;-1;-1;-1;0;0;0;-1
0;0;-75.8693;24.9988;-223.586;10.8684;-1;-1;-1;-1;-1;-1;0;0;0;-1
0;0;-78.593;41.9693;-224.329;9.85562;-1;-1;-1;-1;-1;-1;0;0;0;-1
0;0;-76.3191;62.1084;-227.315;11.168;-1;-1;-1;-1;-1;-1;0;0;0;-1
0;0;-76.976;81.6289;-225.901;10.08;-1;-1;-1;-1;-1;-1;0;0;0;-1
0;0;-78.2979;99.9614;-224.642;11.6307;-1;-1;-1;-1;-1;-1;0;0;0;-1
0;0;-76.5933;115.19;-224.065;10.0971;-1;-1;-1;-1;-1;-1;0;0;0;-1
0;0;-78.8118;135.673;-223.041;11.6036;-1;-1;-1;-1;-1;-1;0;0;0;-1
0;0;-79.244;154.83;-225.499;9.7979;-1;-1;-1;-1;-1;-1;0;0;0;-1
0;0;-61.0455;-174.865;-223.07;10.4653;-1;-1;-1;-1;-1;-1;0;0;0;-1
0;0;-59.9634;-158.073;-224.242;10.6616;-1;-1;-1;-1;-1;-1;0;0;0;-1
0;0;-59.5523;-137.992;-224.265;10.2315;-1;-1;-1;-1;-1;-1;0;0;0;-1
0;0;-58.7521;-119.721;-224.584;11.0478;-1;-1;-1;-1;-1;-1;0;0;0;-1
0;0;-58.3266;-100.123;-226.117;9.95171;-1;-1;-1;-1;-1;-1;0;0;0;-1
0;0;-60.2131;-81.3087;-224.897;10.1223;-1;-1;-1;-1;-1;-1;0;0;0;-1
0;0;-58.7895;-63.6515;-225.504;10.7316;-1;-1;-1;-1;-1;-1;0;0;0;-1
0;0;-62.6831;-41.9654;-225.12;9.91871;-1;-1;-1;-1;-1;-1;0;0;0;-1
0;0;-60.4722;-24.0005;-222.717;9.8318;-1;-1;-1;-1;-1;-1;0;0;0;-1
0;0;-58.232;-7.84798;-225.342;10.6429;-1;-1;-1;-1;-1;-1;0;0;0;-1
0;0;-59.4084;15.6931;-226.869;11.0305;-1;-1;-1;-1;-1;-1;0;0;0;-1
0;0;-59.8231;33.1559;-222.954;10.4359;-1;-1;-1;-1;-1;-1;0;0;0;-1
0;0;-61.5436;51.4797;-225.821;11.1873;-1;-1;-1;-1;-1;-1;0;0;0;-1
0;0;-59.5577;68.3321;-224.184;11.3308;-1;-1;-1;-1;-1;-1;0;0;0;-1
0;0;-62.0086;88.9281;-226.47;10.1958;-1;-1;-1;-1;-1;-1;0;0;0;-1
0;0;-58.3787;105.51;-222.56;11.6213;-1;-1;-1;-1;-1;-1;0;0;0;-1
0;0;-59.1689;129.536;-222.831;9.86814;-1;-1;-1;-1;-1;-1;0;0;0;-1
0;0;-61.5293;146.084;-225.535;11.4402;-1;-1;-1;-1;-1;-1;0;0;0;-1
0;0;-60.4722;166.406;-222.482;9.65583;-1;-1;-1;-1;-1;-1;0;0;0;-1
0;0;-45.4788;-167.641;-224.852;11.3517;-1;-1;-1;-1;-1;-1;0;0;0;-1
0;0;-44.7735;-148.343;-225.933;11.4482;-1;-1;-1;-1;-1;-1;0;0;0;-1
0;0;-43.9153;-127.551;-227.096;10.4441;-1;-1;-1;-1;-1;-1;0;0;0;-1
0;0;-45.2628;-109.395;-223.117;10.4696;-1;-1;-1;-1;-1;-1;0;0;0;-1
0;0;-42.2714;-93.1598;-226.206;11.5224;-1;-1;-1;-1;-1;-1;0;0;0;-1
0;0;-44.8992;-73.7575;-224.528;11.6832;-1;-1;-1;-1;-1;-1;0;0;0;-1
0;0;-41.7031;-55.9521;-226.999;11.2056;-1;-1;-1;-1;-1;-1;0;0;0;-1
0;0;-41.9281;-33.6746;-226.489;10.4083;-1;-1;-1;-1;-1;-1;0;0;0;-1
0;0;-43.4985;-15.9487;-226.715;9.65527;-1;-1;-1;-1;-1;-1;0;0;0;-1
0;0;-42.2345;2.10358;-223.093;10.3119;-1;-1;-1;-1;-1;-1;0;0;0;-1
0;0;-44.0915;20.8838;-225.733;10.4672;-1;-1;-1;-1;-1;-1;0;0;0;-1
0;0;-43.7908;42.4638;-225.148;10.5547;-1;-1;-1;-1;-1;-1;0;0;0;-1
0;0;-44.6008;63.1427;-226.39;10.4134;-1;-1;-1;-1;-1;-1;0;0;0;-1
0;0;-45.7827;81.4663;-225.681;9.8469;-1;-1;-1;-1;-1;-1;0;0;0;-1
0;0;-42.4966;99.5427;-226.44;10.3924;-1;-1;-1;-1;-1;-1;0;0;0;-1
0;0;-42.8367;116.296;-224.403;10.4063;-1;-1;-1;-1;-1;-1;0;0;0;-1
0;0;-44.6913;135.726;-226.48;11.2827;-1;-1;-1;-1;-1;-1;0;0;0;-1
0;0;-42.2321;154.711;-224.646;10.4589;-1;-1;-1;-1;-1;-1;0;0;0;-1
0;0;-42.8188;176.148;-224.685;10.7431;-1;-1;-1;-1;-1;-1;0;0;0;-1
0;0;-28.5116;-178.549;-226.863;11.3161;-1;-1;-1;-1;-1;-1;0;0;0;-1
0;0;-29.8669;-158.398;-225.002;10.5159;-1;-1;-1;-1;-1;-1;0;0;0;-1
0;0;-28.8985;-137.734;-226.739;10.3326;-1;-1;-1;-1;-1;-1;0;0;0;-1
0;0;-26.4042;-118.185;-224.518;10.5786;-1;-1;-1;-1;-1;-1;0;0;0;-1
0;0;-25.5046;-99.8987;-224.552;10.4776;-1;-1;-1;-1;-1;-1;0;0;0;-1
0;0;-27.8264;-81.1137;-224.12;10.0844;-1;-1;-1;-1;-1;-1;0;0;0;-1
0;0;-27.4338;-65.5234;-226.276;10.267;-1;-1;-1;-1;-1;-1;0;0;0;-1
0;0;-28.476;-42.603;-224.735;11.2352;-1;-1;-1;-1;-1;-1;0;0;0;-1
0;0;-28.2424;-22.0441;-222.575;9.65074;-1;-1;-1;-1;-1;-1;0;0;0;-1
0;0;-28.6295;-6.11646;-224.504;11.5757;-1;-1;-1;-1;-1;-1;0;0;0;-1
0;0;-26.81;10.4867;-223.739;10.3259;-1;-1;-1;-1;-1;-1;0;0;0;-1
0;0;-26.4519;32.0869;-223.591;11.2859;-1;-1;-1;-1;-1;-1;0;0;0;-1
0;0;-26.8315;50.2944;-226.575;10.8748;-1;-1;-1;-1;-1;-1;0;0;0;-1
0;0;-28.9274;72.1384;-225.547;11.3038;-1;-1;-1;-1;-1;-1;0;0;0;-1
0;0;-29.0934;86.6412;-223.12;11.5974;-1;-1;-1;-1;-1;-1;0;0;0;-1
0;0;-26.6842;110.014;-225.684;9.58005;-1;-1;-1;-1;-1;-1;0;0;0;-1
0;0;-27.1109;126.256;-225.349;11.646;-1;-1;-1;-1;-1;-1;0;0;0;-1
0;0;-26.6087;144.637;-226.582;10.4152;-1;-1;-1;-1;-1;-1;0;0;0;-1
0;0;-29.0933;166.835;-225.16;11.1487;-1;-1;-1;-1;-1;-1;0;0;0;-1
0;0;-28.5514;184.123;-223.15;9.99675;-1;-1;-1;-1;-1;-1;0;0;0;-1
0;0;-10.3249;-169.664;-227.235;10.1008;-1;-1;-1;-1;-1;-1;0;0;0;-1
0;0;-10.8362;-147.469;-226.398;11.0957;-1;-1;-1;-1;-1;-1;0;0;0;-1
0;0;-11.2739;-129.679;-224.245;10.4292;-1;-1;-1;-1;-1;-1;0;0;0;-1
0;0;-12.8937;-111.343;-222.729;10.782;-1;-1;-1;-1;-1;-1;0;0;0;-1
0;0;-9.80856;-92.2491;-224.917;9.76244;-1;-1;-1;-1;-1;-1;0;0;0;-1
0;0;-9.42731;-71.659;-224.928;9.74203;-1;-1;-1;-1;-1;-1;0;0;0;-1
0;0;-9.8818;-54.6314;-225.341;10.3176;-1;-1;-1;-1;-1;-1;0;0;0;-1
0;0;-10.4178;-32.2136;-227.242;10.8757;-1;-1;-1;-1;-1;-1;0;0;0;-1
0;0;-11.566;-15.5812;-225.81;9.995;-1;-1;-1;-1;-1;-1;0;0;0;-1
0;0;-9.34849;3.25073;-223.786;11.3748;-1;-1;-1;-1;-1;-1;0;0;0;-1
0;0;-12.3769;25.4037;-225.258;9.76899;-1;-1;-1;-1;-1;-1;0;0;0;-1
0;0;-10.1295;42.2587;-225.301;11.223;-1;-1;-1;-1;-1;-1;0;0;0;-1
0;0;-10.3744;60.508;-224.846;11.5236;-1;-1;-1;-1;-1;-1;0;0;0;-1
0;0;-13.2133;79.8635;-226.297;11.2998;-1;-1;-1;-1;-1;-1;0;0;0;-1
0;0;-12.0499;98.5081;-225.846;10.3032;-1;-1;-1;-1;-1;-1;0;0;0;-1
0;0;-11.9501;118.339;-224.168;10.7167;-1;-1;-1;-1;-1;-1;0;0;0;-1
0;0;-11.4582;138.579;-226.248;11.2708;-1;-1;-1;-1;-1;-1;0;0;0;-1
0;0;-9.68518;153.616;-224.619;10.3929;-1;-1;-1;-1;-1;-1;0;0;0;-1
0;0;-9.81021;174.992;-226.211;11.3015;-1;-1;-1;-1;-1;-1;0;0;0;-1
0;0;3.15094;-179.237;-223.839;11.519;-1;-1;-1;-1;-1;-1;0;0;0;-1
0;0;6.92917;-158.21;-227.048;10.0952;-1;-1;-1;-1;-1;-1;0;0;0;-1
0;0;5.61793;-141.257;-223.355;10.7353;-1;-1;-1;-1;-1;-1;0;0;0;-1
0;0;4.17377;-122.324;-225.965;10.8096;-1;-1;-1;-1;-1;-1;0;0;0;-1
0;0;5.29652;-103.312;-226.081;10.9664;-1;-1;-1;-1;-1;-1;0;0;0;-1
0;0;3.30741;-80.8418;-222.821;10.616;-1;-1;-1;-1;-1;-1;0;0;0;-1
0;0;6.36041;-61.9629;-225.742;10.4359;-1;-1;-1;-1;-1;-1;0;0;0;-1
0;0;4.82225;-45.2977;-226.092;11.612;-1;-1;-1;-1;-1;-1;0;0;0;-1
0;0;6.1257;-21.9627;-222.467;10.3462;-1;-1;-1;-1;-1;-1;0;0;0;-1
0;0;5.94334;-7.2435;-223.943;9.85288;-1;-1;-1;-1;-1;-1;0;0;0;-1
0;0;7.53885;13.1032;-223.726;10.7977;-1;-1;-1;-1;-1;-1;0;0;0;-1
0;0;5.65185;29.8679;-222.891;11.2174;-1;-1;-1;-1;-1;-1;0;0;0;-1
0;0;5.16276;52.4283;-226.1;10.6895;-1;-1;-1;-1;-1;-1;0;0;0;-1
0;0;3.47102;71.6713;-222.609;10.5082;-1;-1;-1;-1;-1;-1;0;0;0;-1
0;0;6.5093;88.1455;-224.77;10.4377;-1;-1;-1;-1;-1;-1;0;0;0;-1
0;0;4.30513;108.784;-226.47;10.5226;-1;-1;-1;-1;-1;-1;0;0;0;-1
0;0;6.62542;125.772;-222.536;11.0883;-1;-1;-1;-1;-1;-1;0;0;0;-1
0;0;6.97226;147.873;-224.112;11.0494;-1;-1;-1;-1;-1;-1;0;0;0;-1
0;0;4.69241;163.532;-225.116;10.09;-1;-1;-1;-1;-1;-1;0;0;0;-1
0;0;3.2273;181.882;-224.428;9.85062;-1;-1;-1;-1;-1;-1;0;0;0;-1
0;0;22.1761;-168.093;-225.677;10.1354;-1;-1;-1;-1;-1;-1;0;0;0;-1
0;0;19.4468;-150.887;-227.104;9.67839;-1;-1;-1;-1;-1;-1;0;0;0;-1
0;0;19.6928;-128.151;-224.644;9.89131;-1;-1;-1;-1;-1;-1;0;0;0;-1
0;0;23.3982;-109.991;-222.683;9.96397;-1;-1;-1;-1;-1;-1;0;0;0;-1
0;0;22.2508;-90.7773;-226.734;9.98715;-1;-1;-1;-1;-1;-1;0;0;0;-1
0;0;22.6552;-74.4767;-225.474;11.0807;-1;-1;-1;-1;-1;-1;0;0;0;-1
0;0;20.2721;-53.2676;-227.185;11.1344;-1;-1;-1;-1;-1;-1;0;0;0;-1
0;0;20.5791;-31.5237;-223.721;11.032;-1;-1;-1;-1;-1;-1;0;0;0;-1
0;0;21.1939;-14.3779;-226.928;10.1359;-1;-1;-1;-1;-1;-1;0;0;0;-1
0;0;23.1568;3.36323;-224.705;10.4829;-1;-1;-1;-1;-1;-1;0;0;0;-1
0;0;22.3087;23.7111;-225.139;10.6207;-1;-1;-1;-1;-1;-1;0;0;0;-1
0;0;23.3962;44.4033;-222.995;11.1879;-1;-1;-1;-1;-1;-1;0;0;0;-1
0;0;21.0264;58.4579;-223.394;10.7984;-1;-1;-1;-1;-1;-1;0;0;0;-1
0;0;22.4735;80.8761;-223.916;11.2244;-1;-1;-1;-1;-1;-1;0;0;0;-1
0;0;21.7647;100.487;-226.06;10.199;-1;-1;-1;-1;-1;-1;0;0;0;-1
0;0;22.9008;117.76;-223.865;11.3821;-1;-1;-1;-1;-1;-1;0;0;0;-1
0;0;20.7733;137.226;-222.497;10.024;-1;-1;-1;-1;-1;-1;0;0;0;-1
0;0;21.3754;155.886;-224.984;10.4452;-1;-1;-1;-1;-1;-1;0;0;0;-1
0;0;23.6083;176.441;-224.932;10.0479;-1;-1;-1;-1;-1;-1;0;0;0;-1
0;0;37.6334;-177.217;-226.844;10.6;-1;-1;-1;-1;-1;-1;0;0;0;-1
0;0;40.1819;-159.53;-222.961;11.3791;-1;-1;-1;-1;-1;-1;0;0;0;-1
0;0;38.1485;-136.916;-222.527;9.8901;-1;-1;-1;-1;-1;-1;0;0;0;-1
0;0;39.3632;-119.707;-227.216;10.4719;-1;-1;-1;-1;-1;-1;0;0;0;-1
0;0;36.171;-102.923;-223.005;10.8177;-1;-1;-1;-1;-1;-1;0;0;0;-1
0;0;37.6069;-84.0804;-222.832;10.8634;-1;-1;-1;-1;-1;-1;0;0;0;-1
0;0;37.114;-62.0922;-226.92;10.4402;-1;-1;-1;-1;-1;-1;0;0;0;-1
0;0;37.4195;-43.4607;-224.522;11.332;-1;-1;-1;-1;-1;-1;0;0;0;-1
0;0;39.6628;-25.9068;-222.8;10.4205;-1;-1;-1;-1;-1;-1;0;0;0;-1
0;0;39.8393;-6.70953;-225.867;11.0566;-1;-1;-1;-1;-1;-1;0;0;0;-1
0;0;38.577;15.1756;-222.997;9.99679;-1;-1;-1;-1;-1;-1;0;0;0;-1
0;0;38.9742;30.335;-222.649;10.075;-1;-1;-1;-1;-1;-1;0;0;0;-1
0;0;36.8279;53.5346;-226.845;11.6033;-1;-1;-1;-1;-1;-1;0;0;0;-1
0;0;36.7027;68.4248;-225.789;9.99381;-1;-1;-1;-1;-1;-1;0;0;0;-1
0;0;36.69;91.0782;-223.974;11.6601;-1;-1;-1;-1;-1;-1;0;0;0;-1
0;0;38.9778;110.337;-224.634;9.90106;-1;-1;-1;-1;-1;-1;0;0;0;-1
0;0;38.7327;129.668;-223.299;9.76127;-1;-1;-1;-1;-1;-1;0;0;0;-1
0;0;37.5214;148.105;-222.898;9.57209;-1;-1;-1;-1;-1;-1;0;0;0;-1
0;0;38.414;163.559;-222.996;11.3779;-1;-1;-1;-1;-1;-1;0;0;0;-1
0;0;54.6979;-165.322;-225.668;10.7559;-1;-1;-1;-1;-1;-1;0;0;0;-1
0;0;52.54;-148.821;-223.229;11.5797;-1;-1;-1;-1;-1;-1;0;0;0;-1
0;0;54.0783;-127.476;-222.887;10.0519;-1;-1;-1;-1;-1;-1;0;0;0;-1
0;0;53.5348;-112.808;-222.787;11.6795;-1;-1;-1;-1;-1;-1;0;0;0;-1
0;0;55.7816;-93.7682;-222.791;10.6329;-1;-1;-1;-1;-1;-1;0;0;0;-1
0;0;52.9481;-70.2119;-226.559;9.7291;-1;-1;-1;-1;-1;-1;0;0;0;-1
0;0;54.7574;-54.8058;-226.122;11.3365;-1;-1;-1;-1;-1;-1;0;0;0;-1
0;0;56.5233;-32.9283;-223.232;10.5728;-1;-1;-1;-1;-1;-1;0;0;0;-1
0;0;56.4833;-13.4928;-225.238;11.0921;-1;-1;-1;-1;-1;-1;0;0;0;-1
0;0;56.9916;0.920129;-225.839;10.0745;-1;-1;-1;-1;-1;-1;0;0;0;-1
0;0;53.6226;22.9907;-226.238;10.6241;-1;-1;-1;-1;-1;-1;0;0;0;-1
0;0;56.1328;42.0445;-225.071;11.0453;-1;-1;-1;-1;-1;-1;0;0;0;-1
0;0;56.0857;60.1191;-223.143;10.8354;-1;-1;-1;-1;-1;-1;0;0;0;-1
0;0;56.0822;82.3546;-224.293;9.53499;-1;-1;-1;-1;-1;-1;0;0;0;-1
0;0;55.301;98.4181;-222.569;10.8795;-1;-1;-1;-1;-1;-1;0;0;0;-1
0;0;53.048;120.472;-226.54;9.76896;-1;-1;-1;-1;-1;-1;0;0;0;-1
0;0;55.5712;134.237;-227.251;10.7605;-1;-1;-1;-1;-1;-1;0;0;0;-1
0;0;53.1106;155.774;-222.685;9.52163;-1;-1;-1;-1;-1;-1;0;0;0;-1
0;0;55.6411;177.295;-223.361;10.7631;-1;-1;-1;-1;-1;-1;0;0;0;-1
0;0;71.0346;-158.123;-223.339;9.78971;-1;-1;-1;-1;-1;-1;0;0;0;-1
0;0;69.4797;-137.301;-224.372;10.5019;-1;-1;-1;-1;-1;-1;0;0;0;-1
0;0;72.0584;-118.562;-223.07;10.9461;-1;-1;-1;-1;-1;-1;0;0;0;-1
0;0;68.851;-99.1908;-227.062;11.4708;-1;-1;-1;-1;-1;-1;0;0;0;-1
0;0;69.0504;-83.2958;-224.276;9.55988;-1;-1;-1;-1;-1;-1;0;0;0;-1
0;0;71.4032;-62.1485;-224.606;9.91159;-1;-1;-1;-1;-1;-1;0;0;0;-1
0;0;72.0286;-45.0887;-225.312;10.7153;-1;-1;-1;-1;-1;-1;0;0;0;-1
0;0;70.5472;-26.2377;-225.282;9.85293;-1;-1;-1;-1;-1;-1;0;0;0;-1
0;0;69.963;-3.08724;-223.105;11.442;-1;-1;-1;-1;-1;-1;0;0;0;-1
0;0;73.1213;11.3649;-225.199;9.86289;-1;-1;-1;-1;-1;-1;0;0;0;-1
0;0;71.0733;33.8483;-226.269;10.2256;-1;-1;-1;-1;-1;-1;0;0;0;-1
0;0;71.8303;50.2041;-222.616;10.4711;-1;-1;-1;-1;-1;-1;0;0;0;-1
0;0;69.4386;70.45;-225.751;10.5665;-1;-1;-1;-1;-1;-1;0;0;0;-1
0;0;70.825;87.5347;-225.615;11.2998;-1;-1;-1;-1;-1;-1;0;0;0;-1
0;0;69.9759;110.144;-222.858;11.3163;-1;-1;-1;-1;-1;-1;0;0;0;-1
0;0;69.0288;126.88;-227.013;11.2511;-1;-1;-1;-1;-1;-1;0;0;0;-1
0;0;72.2066;148.137;-223.534;10.1474;-1;-1;-1;-1;-1;-1;0;0;0;-1
0;0;71.0261;163.512;-227.161;9.55326;-1;-1;-1;-1;-1;-1;0;0;0;-1
0;0;88.1451;-147.421;-225.604;11.1838;-1;-1;-1;-1;-1;-1;0;0;0;-1
0;0;88.9009;-130.286;-225.139;9.51485;-1;-1;-1;-1;-1;-1;0;0;0;-1
0;0;89.4157;-109.548;-225.746;10.2811;-1;-1;-1;-1;-1;-1;0;0;0;-1
0;0;85.4546;-89.2413;-222.617;11.0925;-1;-1;-1;-1;-1;-1;0;0;0;-1
0;0;87.1693;-73.5387;-223.071;10.3495;-1;-1;-1;-1;-1;-1;0;0;0;-1
0;0;86.5287;-50.9505;-224.597;10.5689;-1;-1;-1;-1;-1;-1;0;0;0;-1
0;0;87.8624;-34.9439;-222.937;10.8265;-1;-1;-1;-1;-1;-1;0;0;0;-1
0;0;85.5088;-13.0805;-224.317;11.0427;-1;-1;-1;-1;-1;-1;0;0;0;-1
0;0;90.0111;2.23117;-224.043;10.6309;-1;-1;-1;-1;-1;-1;0;0;0;-1
0;0;88.2977;23.4806;-227.231;9.68658;-1;-1;-1;-1;-1;-1;0;0;0;-1
0;0;88.6279;41.2338;-227.299;11.3584;-1;-1;-1;-1;-1;-1;0;0;0;-1
0;0;90.1256;63.3585;-226.698;10.9082;-1;-1;-1;-1;-1;-1;0;0;0;-1
0;0;87.439;82.4847;-225.989;10.3041;-1;-1;-1;-1;-1;-1;0;0;0;-1
0;0;88.2287;97.5733;-223.717;10.4022;-1;-1;-1;-1;-1;-1;0;0;0;-1
0;0;88.4029;118.94;-224.369;10.9038;-1;-1;-1;-1;-1;-1;0;0;0;-1
0;0;88.7099;136.458;-223.342;11.5028;-1;-1;-1;-1;-1;-1;0;0;0;-1
0;0;88.7232;157.742;-224.262;9.7941;-1;-1;-1;-1;-1;-1;0;0;0;-1
0;0;101.915;-141.514;-222.539;11.2203;-1;-1;-1;-1;-1;-1;0;0;0;-1
0;0;106.051;-117.37;-223.032;10.6786;-1;-1;-1;-1;-1;-1;0;0;0;-1
0;0;104.962;-101.281;-226.553;10.4007;-1;-1;-1;-1;-1;-1;0;0;0;-1
0;0;102.458;-78.8872;-225.091;11.016;-1;-1;-1;-1;-1;-1;0;0;0;-1
0;0;102.507;-64.3505;-227.187;11.3805;-1;-1;-1;-1;-1;-1;0;0;0;-1
0;0;104.691;-42.4477;-227.085;11.4774;-1;-1;-1;-1;-1;-1;0;0;0;-1
0;0;102.88;-24.996;-224.837;10.1753;-1;-1;-1;-1;-1;-1;0;0;0;-1
0;0;105.047;-4.56517;-224.536;11.4504;-1;-1;-1;-1;-1;-1;0;0;0;-1
0;0;102.934;14.6026;-225.427;10.3302;-1;-1;-1;-1;-1;-1;0;0;0;-1
0;0;102.076;32.7193;-226.971;9.7772;-1;-1;-1;-1;-1;-1;0;0;0;-1
0;0;101.846;52.4846;-226.961;10.6449;-1;-1;-1;-1;-1;-1;0;0;0;-1
0;0;105.751;70.081;-222.493;11.5151;-1;-1;-1;-1;-1;-1;0;0;0;-1
0;0;104.531;87.0177;-225.437;11.2357;-1;-1;-1;-1;-1;-1;0;0;0;-1
0;0;103.19;106.102;-224.777;10.3536;-1;-1;-1;-1;-1;-1;0;0;0;-1
0;0;102.713;128.581;-223.339;11.3742;-1;-1;-1;-1;-1;-1;0;0;0;-1
0;0;104.596;144.015;-226.766;10.1132;-1;-1;-1;-1;-1;-1;0;0;0;-1
0;0;120.337;-128.328;-223.789;10.0738;-1;-1;-1;-1;-1;-1;0;0;0;-1
0;0;122.788;-111.828;-226.675;11.4652;-1;-1;-1;-1;-1;-1;0;0;0;-1
0;0;120.682;-91.5097;-223.496;11.6351;-1;-1;-1;-1;-1;-1;0;0;0;-1
0;0;118.618;-71.3739;-226.577;11.6273;-1;-1;-1;-1;-1;-1;0;0;0;-1
0;0;122.74;-53.903;-225.519;11.4306;-1;-1;-1;-1;-1;-1;0;0;0;-1
0;0;120.499;-33.4135;-226.161;11.4516;-1;-1;-1;-1;-1;-1;0;0;0;-1
0;0;120.533;-15.377;-224.027;11.1392;-1;-1;-1;-1;-1;-1;0;0;0;-1
0;0;119.325;3.66641;-225.433;9.82317;-1;-1;-1;-1;-1;-1;0;0;0;-1
0;0;119.98;21.6252;-224.654;10.9693;-1;-1;-1;-1;-1;-1;0;0;0;-1
0;0;122.196;41.5861;-226.817;10.6521;-1;-1;-1;-1;-1;-1;0;0;0;-1
0;0;122.694;62.287;-222.501;10.6807;-1;-1;-1;-1;-1;-1;0;0;0;-1
0;0;120.918;80.4779;-224.768;10.0584;-1;-1;-1;-1;-1;-1;0;0;0;-1
0;0;122.601;97.6221;-225.126;10.2372;-1;-1;-1;-1;-1;-1;0;0;0;-1
0;0;119.529;114.921;-225.901;9.56127;-1;-1;-1;-1;-1;-1;0;0;0;-1
0;0;122.135;135.942;-225.475;11.1847;-1;-1;-1;-1;-1;-1;0;0;0;-1
0;0;138.752;-102.675;-225.548;9.86772;-1;-1;-1;-1;-1;-1;0;0;0;-1
0;0;134.637;-84.3916;-226.956;11.1378;-1;-1;-1;-1;-1;-1;0;0;0;-1
0;0;138.74;-60.7068;-223.77;10.8979;-1;-1;-1;-1;-1;-1;0;0;0;-1
0;0;134.926;-45.1551;-226.505;10.5877;-1;-1;-1;-1;-1;-1;0;0;0;-1
0;0;138.619;-22.9919;-223.899;11.1932;-1;-1;-1;-1;-1;-1;0;0;0;-1
0;0;138.803;-5.1869;-226.978;10.8181;-1;-1;-1;-1;-1;-1;0;0;0;-1
0;0;137.909;14.9786;-222.517;10.4748;-1;-1;-1;-1;-1;-1;0;0;0;-1
0;0;135.545;29.8039;-224.199;10.587;-1;-1;-1;-1;-1;-1;0;0;0;-1
0;0;139.433;52.8848;-224.14;11.454;-1;-1;-1;-1;-1;-1;0;0;0;-1
0;0;138.432;68.9929;-222.525;10.22;-1;-1;-1;-1;-1;-1;0;0;0;-1
0;0;137.773;87.5733;-224.934;11.5414;-1;-1;-1;-1;-1;-1;0;0;0;-1
0;0;138.521;108.552;-224.754;10.2081;-1;-1;-1;-1;-1;-1;0;0;0;-1
0;0;138.272;125.294;-222.578;9.70502;-1;-1;-1;-1;-1;-1;0;0;0;-1
0;0;155.443;-92.0624;-223.751;10.6753;-1;-1;-1;-1;-1;-1;0;0;0;-1
0;0;155.536;-69.628;-224.305;10.5409;-1;-1;-1;-1;-1;-1;0;0;0;-1
0;0;155.674;-50.7961;-223.509;10.7326;-1;-1;-1;-1;-1;-1;0;0;0;-1
0;0;153.609;-33.7282;-226.141;10.0966;-1;-1;-1;-1;-1;-1;0;0;0;-1
0;0;155.391;-12.413;-227.166;11.0083;-1;-1;-1;-1;-1;-1;0;0;0;-1
0;0;154.407;4.71288;-226.86;9.88515;-1;-1;-1;-1;-1;-1;0;0;0;-1
0;0;155.139;21.1535;-225.496;10.5644;-1;-1;-1;-1;-1;-1;0;0;0;-1
0;0;152.972;42.3153;-223.621;10.3179;-1;-1;-1;-1;-1;-1;0;0;0;-1
0;0;152.451;62.344;-224.027;11.0102;-1;-1;-1;-1;-1;-1;0;0;0;-1
0;0;151.854;79.1409;-222.771;9.86684;-1;-1;-1;-1;-1;-1;0;0;0;-1
0;0;153.246;96.7443;-224.949;11.3685;-1;-1;-1;-1;-1;-1;0;0;0;-1
0;0;171.261;-63.2203;-225.976;10.9946;-1;-1;-1;-1;-1;-1;0;0;0;-1
0;0;171.761;-42.433;-225.208;11.4365;-1;-1;-1;-1;-1;-1;0;0;0;-1
0;0;171.915;-23.0423;-225.863;10.4361;-1;-1;-1;-1;-1;-1;0;0;0;-1
0;0;171.021;-4.49183;-226.31;10.1431;-1;-1;-1;-1;-1;-1;0;0;0;-1
0;0;170.699;12.9607;-224.482;11.6434;-1;-1;-1;-1;-1;-1;0;0;0;-1
0;0;168.619;32.7134;-223.199;10.4067;-1;-1;-1;-1;-1;-1;0;0;0;-1
0;0;170.901;49.4077;-222.758;10.2162;-1;-1;-1;-1;-1;-1;0;0;0;-1
0;0;-186.629;-60.88;-209.278;9.80404;-1;-1;-1;-1;-1;-1;0;0;0;-1
0;0;-188.502;-44.1653;-207.119;11.3693;-1;-1;-1;-1;-1;-1;0;0;0;-1
0;0;-189.49;-25.1953;-207.661;9.6825;-1;-1;-1;-1;-1;-1;0;0;0;-1
0;0;-187.888;-6.82563;-207.831;11.4883;-1;-1;-1;-1;-1;-1;0;0;0;-1
0;0;-185.355;12.1066;-206.424;9.74837;-1;-1;-1;-1;-1;-1;0;0;0;-1
0;0;-187.263;30.0201;-207.009;10.2262;-1;-1;-1;-1;-1;-1;0;0;0;-1
0;0;-189.414;52.5091;-209.589;10.4966;-1;-1;-1;-1;-1;-1;0;0;0;-1
0;0;-185.698;71.1729;-210.581;11.1599;-1;-1;-1;-1;-1;-1;0;0;0;-1
0;0;-172.45;-108.419;-207.328;11.593;-1;-1;-1;-1;-1;-1;0;0;0;-1
0;0;-172.356;-90.2433;-206.919;10.191;-1;-1;-1;-1;-1;-1;0;0;0;-1
0;0;-169.52;-71.5177;-206.887;9.89391;-1;-1;-1;-1;-1;-1;0;0;0;-1
0;0;-170.632;-51.1611;-208.313;10.3939;-1;-1;-1;-1;-1;-1;0;0;0;-1
0;0;-169.874;-33.1717;-208.957;11.534;-1;-1;-1;-1;-1;-1;0;0;0;-1
0;0;-170.256;-15.6133;-207.366;10.8726;-1;-1;-1;-1;-1;-1;0;0;0;-1
0;0;-170.344;5.37226;-207.083;10.8871;-1;-1;-1;-1;-1;-1;0;0;0;-1
0;0;-169.848;25.5089;-206.473;10.1945;-1;-1;-1;-1;-1;-1;0;0;0;-1
0;0;-168.41;42.5574;-206.991;11.54;-1;-1;-1;-1;-1;-1;0;0;0;-1
0;0;-171.877;59.17;-208.736;11.597;-1;-1;-1;-1;-1;-1;0;0;0;-1
0;0;-173.121;79.2836;-208.322;10.4195;-1;-1;-1;-1;-1;-1;0;0;0;-1
0;0;-170.704;98.468;-209.518;11.0264;-1;-1;-1;-1;-1;-1;0;0;0;-1
0;0;-152.586;-120.777;-206.864;10.065;-1;-1;-1;-1;-1;-1;0;0;0;-1
0;0;-154.117;-102.656;-210.669;11.6353;-1;-1;-1;-1;-1;-1;0;0;0;-1
0;0;-156.461;-78.9839;-209.409;9.90555;-1;-1;-1;-1;-1;-1;0;0;0;-1
0;0;-153.558;-65.5379;-206.466;11.6269;-1;-1;-1;-1;-1;-1;0;0;0;-1
0;0;-155.65;-44.342;-210.507;10.0542;-1;-1;-1;-1;-1;-1;0;0;0;-1
0;0;-152.187;-25.9495;-210.54;11.189;-1;-1;-1;-1;-1;-1;0;0;0;-1
0;0;-156.27;-5.94435;-206.408;9.82585;-1;-1;-1;-1;-1;-1;0;0;0;-1
0;0;-156.587;13.4705;-208.5;10.8449;-1;-1;-1;-1;-1;-1;0;0;0;-1
0;0;-156.535;32.6099;-210.291;10.5048;-1;-1;-1;-1;-1;-1;0;0;0;-1
0;0;-156.317;51.7874;-208.398;10.9841;-1;-1;-1;-1;-1;-1;0;0;0;-1
0;0;-152.82;69.5903;-206.221;10.2746;-1;-1;-1;-1;-1;-1;0;0;0;-1
0;0;-155.163;87.9321;-206.689;10.6322;-1;-1;-1;-1;-1;-1;0;0;0;-1
0;0;-153.47;106.929;-206.647;10.0419;-1;-1;-1;-1;-1;-1;0;0;0;-1
0;0;-156.38;124.517;-209.805;10.719;-1;-1;-1;-1;-1;-1;0;0;0;-1
0;0;-139.94;-131.757;-210.873;11.2491;-1;-1;-1;-1;-1;-1;0;0;0;-1
0;0;-136.033;-112.331;-209.449;11.5387;-1;-1;-1;-1;-1;-1;0;0;0;-1
0;0;-137.804;-88.5894;-208.633;10.2843;-1;-1;-1;-1;-1;-1;0;0;0;-1
0;0;-136.58;-74.4796;-207.915;11.2228;-1;-1;-1;-1;-1;-1;0;0;0;-1
0;0;-137.409;-52.1936;-209.41;10.8301;-1;-1;-1;-1;-1;-1;0;0;0;-1
0;0;-137.726;-35.8213;-208.167;11.5831;-1;-1;-1;-1;-1;-1;0;0;0;-1
0;0;-136.685;-12.5616;-209.515;10.4756;-1;-1;-1;-1;-1;-1;0;0;0;-1
0;0;-136.108;5.13404;-206.411;10.9549;-1;-1;-1;-1;-1;-1;0;0;0;-1
0;0;-136.512;23.9292;-210.404;10.5434;-1;-1;-1;-1;-1;-1;0;0;0;-1
0;0;-135.885;39.2152;-206.177;11.1388;-1;-1;-1;-1;-1;-1;0;0;0;-1
0;0;-139.363;58.6782;-210.631;9.89541;-1;-1;-1;-1;-1;-1;0;0;0;-1
0;0;-135.458;80.6452;-208.504;11.3485;-1;-1;-1;-1;-1;-1;0;0;0;-1
0;0;-135.821;97.5649;-209.928;9.56993;-1;-1;-1;-1;-1;-1;0;0;0;-1
0;0;-138.271;118.206;-209.01;9.5629;-1;-1;-1;-1;-1;-1;0;0;0;-1
0;0;-137.931;135.347;-207.315;11.4401;-1;-1;-1;-1;-1;-1;0;0;0;-1
0;0;-123.568;-159.882;-208.658;9.63523;-1;-1;-1;-1;-1;-1;0;0;0;-1
0;0;-119.844;-137.514;-206.47;10.2757;-1;-1;-1;-1;-1;-1;0;0;0;-1
0;0;-122.673;-117.318;-206.602;10.0722;-1;-1;-1;-1;-1;-1;0;0;0;-1
0;0;-120.377;-103.192;-208.393;11.4822;-1;-1;-1;-1;-1;-1;0;0;0;-1
0;0;-119.355;-84.4116;-206.577;10.8694;-1;-1;-1;-1;-1;-1;0;0;0;-1
0;0;-121.567;-61.0033;-206.984;10.4572;-1;-1;-1;-1;-1;-1;0;0;0;-1
0;0;-120.679;-44.8266;-209.93;9.51874;-1;-1;-1;-1;-1;-1;0;0;0;-1
0;0;-121.201;-26.958;-208.917;10.4388;-1;-1;-1;-1;-1;-1;0;0;0;-1
0;0;-122.533;-4.16161;-210.039;11.3056;-1;-1;-1;-1;-1;-1;0;0;0;-1
0;0;-121.9;15.6491;-207.513;10.8107;-1;-1;-1;-1;-1;-1;0;0;0;-1
0;0;-122.177;32.5894;-209.969;9.80984;-1;-1;-1;-1;-1;-1;0;0;0;-1
0;0;-120.542;48.8378;-209.56;11.6763;-1;-1;-1;-1;-1;-1;0;0;0;-1
0;0;-120.969;70.1315;-208.349;11.5404;-1;-1;-1;-1;-1;-1;0;0;0;-1
0;0;-123.475;88.3204;-208.131;9.60307;-1;-1;-1;-1;-1;-1;0;0;0;-1
0;0;-119.087;108.512;-206.342;10.7137;-1;-1;-1;-1;-1;-1;0;0;0;-1
0;0;-122.674;128.589;-210.279;9.82532;-1;-1;-1;-1;-1;-1;0;0;0;-1
0;0;-120.9;144.3;-206.789;9.82743;-1;-1;-1;-1;-1;-1;0;0;0;-1
0;0;-106.625;-165.269;-206.859;11.3196;-1;-1;-1;-1;-1;-1;0;0;0;-1
0;0;-104.324;-148.496;-209.999;9.5303;-1;-1;-1;-1;-1;-1;0;0;0;-1
0;0;-105.214;-126.567;-206.176;11.6797;-1;-1;-1;-1;-1;-1;0;0;0;-1
0;0;-107.227;-109.657;-206.557;10.1333;-1;-1;-1;-1;-1;-1;0;0;0;-1
0;0;-104;-89.3024;-206.418;11.5493;-1;-1;-1;-1;-1;-1;0;0;0;-1
0;0;-103.574;-72.763;-208.877;10.1558;-1;-1;-1;-1;-1;-1;0;0;0;-1
0;0;-104.609;-51.7475;-209.89;10.3883;-1;-1;-1;-1;-1;-1;0;0;0;-1
0;0;-102.971;-35.9643;-210.541;11.2935;-1;-1;-1;-1;-1;-1;0;0;0;-1
0;0;-105.464;-16.1444;-208.468;10.5544;-1;-1;-1;-1;-1;-1;0;0;0;-1
0;0;-102.555;5.66042;-207.073;10.8038;-1;-1;-1;-1;-1;-1;0;0;0;-1
0;0;-106.734;21.0934;-207.024;9.58746;-1;-1;-1;-1;-1;-1;0;0;0;-1
0;0;-103.866;44.1059;-206.459;9.86522;-1;-1;-1;-1;-1;-1;0;0;0;-1
0;0;-107.401;63.1852;-210.76;9.63665;-1;-1;-1;-1;-1;-1;0;0;0;-1
0;0;-104.275;77.0082;-207.468;10.1447;-1;-1;-1;-1;-1;-1;0;0;0;-1
0;0;-106.246;96.7914;-208.441;10.4131;-1;-1;-1;-1;-1;-1;0;0;0;-1
0;0;-107.245;118.856;-209.742;11.6231;-1;-1;-1;-1;-1;-1;0;0;0;-1
0;0;-105.262;136.596;-206.448;9.85407;-1;-1;-1;-1;-1;-1;0;0;0;-1
0;0;-105.646;155.808;-209.644;11.413;-1;-1;-1;-1;-1;-1;0;0;0;-1
0;0;-102.515;175.165;-208.095;11.4009;-1;-1;-1;-1;-1;-1;0;0;0;-1
0;0;-88.4286;-178.738;-208.585;9.82665;-1;-1;-1;-1;-1;-1;0;0;0;-1
0;0;-89.9813;-156.568;-206.074;10.6319;-1;-1;-1;-1;-1;-1;0;0;0;-1
0;0;-89.1141;-135.944;-206.843;10.4462;-1;-1;-1;-1;-1;-1;0;0;0;-1
0;0;-89.2206;-121.615;-206.017;9.62506;-1;-1;-1;-1;-1;-1;0;0;0;-1
0;0;-89.6081;-99.2097;-209.372;11.2029;-1;-1;-1;-1;-1;-1;0;0;0;-1
0;0;-88.1077;-83.5107;-210.447;11.3774;-1;-1;-1;-1;-1;-1;0;0;0;-1
0;0;-89.3314;-64.6739;-207.477;9.72219;-1;-1;-1;-1;-1;-1;0;0;0;-1
0;0;-88.3047;-45.1237;-208.263;10.0931;-1;-1;-1;-1;-1;-1;0;0;0;-1
0;0;-86.2513;-26.2357;-207.261;11.2979;-1;-1;-1;-1;-1;-1;0;0;0;-1
0;0;-90.3479;-7.85093;-208.845;10.5998;-1;-1;-1;-1;-1;-1;0;0;0;-1
0;0;-87.6081;15.058;-208.626;9.50408;-1;-1;-1;-1;-1;-1;0;0;0;-1
0;0;-89.9535;31.7013;-206.56;11.2772;-1;-1;-1;-1;-1;-1;0;0;0;-1
0;0;-86.971;50.1551;-210.559;10.5446;-1;-1;-1;-1;-1;-1;0;0;0;-1
0;0;-86.9457;70.5939;-210.47;9.9055;-1;-1;-1;-1;-1;-1;0;0;0;-1
0;0;-90.2545;90.1623;-208.269;10.5352;-1;-1;-1;-1;-1;-1;0;0;0;-1
0;0;-87.5824;110.167;-208.634;11.1311;-1;-1;-1;-1;-1;-1;0;0;0;-1
0;0;-87.1593;127.083;-210.783;11.4361;-1;-1;-1;-1;-1;-1;0;0;0;-1
0;0;-89.8718;148.579;-206.281;9.68369;-1;-1;-1;-1;-1;-1;0;0;0;-1
0;0;-87.6691;166.211;-209.649;11.3343;-1;-1;-1;-1;-1;-1;0;0;0;-1
0;0;-70.9672;-186.058;-206.352;11.5274;-1;-1;-1;-1;-1;-1;0;0;0;-1
0;0;-70.2684;-165.896;-207.773;10.7919;-1;-1;-1;-1;-1;-1;0;0;0;-1
0;0;-70.5563;-146.677;-209.475;9.69829;-1;-1;-1;-1;-1;-1;0;0;0;-1
0;0;-72.352;-130.545;-208.254;10.0673;-1;-1;-1;-1;-1;-1;0;0;0;-1